"estimativa","ic_normal_cobre","amplitude_ic_normal","ic_boot_cobre","amplitude_ic_boot"
0.181090311095701,1,0.169672564130064,1,0.215764592364938
0.151701995340084,1,0.171375368944976,1,0.226360507400461
0.15154595459734,1,0.171383606910123,1,0.208935367404051
0.290091961866232,0,0.160726269899288,1,0.22183499955241
0.171279382477805,1,0.170274495087828,1,0.206590285462451
0.255967972143672,1,0.163972883516261,1,0.204830094914523
0.10412068422463,0,0.173494310697699,1,0.230660177317479
0.113650196347407,0,0.173133083601889,1,0.221240896913723
0.196258268889653,1,0.168675923669129,1,0.212071362285499
0.151536211615761,1,0.171384120996581,1,0.221905995182469
0.266952746301452,1,0.162972159318262,1,0.216719304025438
0.172931637265242,1,0.170175473438445,1,0.222393036984397
0.2455166522971,1,0.164885901802438,1,0.216184632043601
0.166158072186173,1,0.170575376300819,1,0.206633190008822
0.109841322927122,0,0.173281257436863,1,0.214301165599959
0.180455245606778,1,0.169712542983756,1,0.207837289186678
0.220702339070161,1,0.16690095618869,1,0.215099456233159
0.248510378227068,1,0.16462826915554,1,0.195580859299796
0.349593134930764,0,0.154091715981464,0,0.189780745474051
0.130637314333786,1,0.172410727070932,1,0.212587549317501
0.172343320604922,1,0.170210841056877,1,0.206482106570901
0.147804356191254,1,0.171578599026913,1,0.210664207599968
0.226628562425637,1,0.166439243645662,1,0.202310888385255
0.115544675541092,1,0.173057502544594,1,0.224111611649719
0.22238452852744,1,0.166771141996307,1,0.200265661317614
0.202068206174244,1,0.168272922643976,1,0.222318824720571
0.10508578245517,0,0.173459166776805,1,0.216086082338386
0.174032263763638,1,0.170108983520173,1,0.214167805783925
0.180993671384454,1,0.169678656894444,1,0.197265507093694
0.192986801381607,1,0.168897666343375,1,0.212575552987908
0.162862225278112,1,0.170764175879829,1,0.213523277406853
0.274304215051341,1,0.162278897121312,1,0.215801353542284
0.222344591022201,1,0.166774235405135,1,0.219266725223948
0.120120117910258,1,0.172869808248569,1,0.212109889302834
0.0898176343282606,0,0.173977131451362,0,0.214252209034228
0.131737088357578,1,0.172360496237897,1,0.21226126983353
0.185220340224123,1,0.169409138954305,1,0.222232517479723
0.180351530705894,1,0.169719058723759,1,0.213053502691928
0.174955528903118,1,0.170052882524627,1,0.220598703871094
0.144002745300822,1,0.171771723024286,1,0.219322333820987
0.251412608323788,1,0.164375523975915,1,0.225183070630021
0.17891201233977,1,0.169809107208753,1,0.207329203378786
0.171709752184497,1,0.170248794147269,1,0.211329757618587
0.19394583535534,1,0.168833048882356,1,0.204512658924523
0.231656649561842,1,0.166037896710419,1,0.223359507500908
0.126699416866648,1,0.172587130610792,1,0.214345581889975
0.125198389682308,1,0.172652949327073,1,0.204512417956781
0.152889171478182,1,0.171312415732466,1,0.214049160094315
0.152502163475074,1,0.171332991824947,1,0.213326284605452
0.22505594820271,1,0.166562960434034,1,0.210267494073241
0.178418359871783,1,0.169839821109696,1,0.221447413851219
0.125934783262977,1,0.172620757183437,1,0.233807459996463
0.225131003525634,1,0.16655707547585,1,0.217711212792033
0.287193780796021,0,0.161017813499094,1,0.204233095716703
0.201236388794124,1,0.168331342879577,1,0.217008485990732
0.231252465923525,1,0.166070485096079,1,0.219970246799658
0.162714601143438,1,0.170772543816179,1,0.205568695252733
0.22678631451097,1,0.166426785748916,1,0.204604561349553
0.245894765249102,1,0.164853534938603,1,0.214929931518336
0.243223989954895,1,0.165081087509464,1,0.214317884774743
0.0632603626967949,0,0.174684697580376,0,0.206433128121127
0.264069821533169,1,0.163238874529748,1,0.227754406956796
0.242346769469,1,0.165155284379279,1,0.225395522546483
0.212023854888952,1,0.167554990323997,1,0.2085388661382
0.208064452090956,1,0.16784465499583,1,0.205500660363971
0.280022103192767,1,0.161726635391191,1,0.205979746826604
0.263144786519446,1,0.163323839588,1,0.202617141517984
0.251104106925963,1,0.164402529954065,1,0.195122311439
0.196805961424687,1,0.168638435962973,1,0.235686060006092
0.146088808853416,1,0.171666373238194,1,0.207734270270446
0.212506051522555,1,0.167519339960985,1,0.20692678194104
0.220464519822722,1,0.166919229002567,1,0.213569819931846
0.194679793245867,1,0.168783379894731,1,0.213778176776899
0.184449717627373,1,0.169458742729879,1,0.219490188251321
0.189461102398577,1,0.169132463214714,1,0.205722538159823
0.249587587668162,1,0.164534801833861,1,0.217892246775431
0.249277972191972,1,0.16456170803218,1,0.230857565858975
0.237485754499871,1,0.165561570247719,1,0.215962811020363
0.27349629448609,1,0.16235600927279,1,0.207655298170706
0.245014323766257,1,0.164928824465863,1,0.200610013781914
0.234022253589559,1,0.165846020423682,1,0.218554214986587
0.243923748179245,1,0.165021708143439,1,0.207989541564555
0.286447887962429,0,0.161092372017434,1,0.191785517449335
0.160043428959662,1,0.170922644757922,1,0.212136349851009
0.147697196144461,1,0.171584111785609,1,0.208326719148144
0.154622008039936,1,0.171219645865633,1,0.220666807595764
0.18378245343345,1,0.169501526248171,1,0.214200206160772
0.215198241388878,1,0.167318807207282,1,0.211523506470285
0.127908086461439,1,0.172533561116037,1,0.208570296186083
0.239359209703627,1,0.165405962655799,1,0.21678662692546
0.157903438877048,1,0.17104110309633,1,0.220738803228091
0.188569229354754,1,0.16919117142554,1,0.212447120742004
0.209151149353811,1,0.167765698053182,1,0.218231425956669
0.203781623231822,1,0.168151825460779,1,0.217962460425725
0.207372176620771,1,0.16789473939442,1,0.22134901220977
0.246396736291962,1,0.164810488594426,1,0.214707608311589
0.190616892728179,1,0.16905596989018,1,0.210614927578194
0.193185979989892,1,0.168884272540424,1,0.211787730141355
0.203410843526719,1,0.16817811742881,1,0.226429758991931
0.261463679181849,1,0.163477485466405,1,0.210956065915816
0.235855341581358,1,0.16569599415816,1,0.199163605131868
0.220041084573514,1,0.16695171476192,1,0.219653578558002
0.245857131604706,1,0.164856758654075,1,0.2137436762054
0.19765108752172,1,0.168580384711279,1,0.210168515625043
0.330613320752025,0,0.156342515074576,0,0.209928649185161
0.257542469350085,1,0.163832031813589,1,0.20682725469437
0.241133846379401,1,0.165257433172478,1,0.21368392131672
0.247286247370674,1,0.164733992883894,1,0.221611803663372
0.189756375855353,1,0.169112965513343,1,0.204252099443031
0.231035823070001,1,0.16608792904012,1,0.208948900462358
0.318819203251738,0,0.157677679516433,0,0.200787264368924
0.113923591580303,0,0.173122253559406,1,0.214521574770732
0.267097427844725,1,0.162958697551409,1,0.205965879011358
0.184995436075406,1,0.169423637077337,1,0.204120622729534
0.163066083319566,1,0.170752607891803,1,0.214543385130435
0.260658049402661,1,0.163550766755809,1,0.198551621282007
0.222757591691105,1,0.166742219052466,1,0.226762599797061
0.22224750490123,1,0.166781753010168,1,0.203413026380301
0.252550595510627,1,0.164275618130778,1,0.219289324187506
0.219178676818576,1,0.167017684872567,1,0.207204571186005
0.217519703584823,1,0.167143858898966,1,0.198981534499348
0.233641143729881,1,0.165877064542765,1,0.213283037358885
0.211931709698003,1,0.167561793687758,1,0.207462284980761
0.223525192964993,1,0.166682555520961,1,0.217929711905796
0.182500224586645,1,0.169583304247377,1,0.207864051930916
0.223143825478515,1,0.166712223858056,1,0.20826534056974
0.244645620412459,1,0.164960273160252,1,0.215075827945164
0.275036607924676,1,0.162208796715482,1,0.204055185368182
0.295190353405193,0,0.160206272329532,1,0.215962208755194
0.191243040914643,1,0.169014335209371,1,0.213909421419435
0.230641376985411,1,0.166119647534181,1,0.208646417319493
0.138611796221991,1,0.172036953645088,1,0.225619377818147
0.163631589112752,1,0.170720442278404,1,0.217652139912573
0.183991578688309,1,0.169488134294842,1,0.223751266653489
0.190481614614288,1,0.16906494702683,1,0.219380790547414
0.250426633522063,1,0.164461718874416,1,0.211242730641362
0.167242182144669,1,0.170512446640075,1,0.218982589853802
0.116364763423586,1,0.173024397122294,1,0.230759763120567
0.203898855162795,1,0.168143502575575,1,0.209868446743057
0.166036488070448,1,0.170582408386355,1,0.215967074837911
0.158840956362376,1,0.170989403594388,1,0.217299849708036
0.283590861390297,0,0.161376158646922,1,0.21847709228343
0.15142776638349,1,0.171389840854461,1,0.214788159260043
0.230658519683839,1,0.166118270171083,1,0.204480821072077
0.285783008747362,0,0.161158668654998,1,0.207770795575975
0.128752804690698,1,0.172495820231791,1,0.215447365588508
0.198352817542937,1,0.16853199400936,1,0.209082682929834
0.159212774464995,1,0.17096881482185,1,0.208120244904351
0.228127040283011,1,0.166320556337958,1,0.212620347572817
0.238744567889595,1,0.165457149287048,1,0.207472296828799
0.299923402396052,0,0.159715406160751,0,0.197072680577198
0.254546339803373,1,0.16409931668365,1,0.221165272407102
0.248094660537008,1,0.164664231833464,1,0.200523751702432
0.170794955792772,1,0.170303346991132,1,0.22037623493998
0.167515148287762,1,0.170496537140416,1,0.218843266088565
0.153171582672529,1,0.171297367812187,1,0.216971458935095
0.225309925294606,1,0.166543038602191,1,0.215015421697174
0.230564314745556,1,0.166125837981637,1,0.211825875377491
0.0793443481982362,0,0.174285495829832,0,0.228123507623305
0.217798654050224,1,0.167122710326406,1,0.192322851808969
0.275428365748126,1,0.162171223013907,1,0.214444763856145
0.263357532003192,1,0.163304325235985,1,0.217709512806676
0.240277152071517,1,0.165329272037487,1,0.204769603383249
0.173879315531226,1,0.170118248532168,1,0.214098388829666
0.136500683388605,1,0.172138060042593,1,0.219916076354053
0.218063248620774,1,0.167102625059056,1,0.218353336071747
0.113130769918908,0,0.173153588000085,1,0.224059625676437
0.216924401995334,1,0.167188900795535,1,0.20891393526261
0.181417420898567,1,0.169651916947742,1,0.221873766054762
0.237159325150812,1,0.16558855789019,1,0.220344434817468
0.161244961894392,1,0.170855434803632,1,0.229624613915837
0.201414889192836,1,0.168318826764848,1,0.217773341003156
0.197954468917847,1,0.168559484859924,1,0.212315877650729
0.114271893603217,0,0.173108418516763,1,0.223211695817204
0.127828376035493,1,0.172537109638003,1,0.229825329313514
0.239119055433608,1,0.165425978107553,1,0.19649007847283
0.248174734208938,1,0.164657309554829,1,0.208949004632308
0.05147172625871,0,0.174920094724548,0,0.220065194429323
0.122531404994396,1,0.172767958309155,1,0.215328653050291
0.252155913363256,1,0.164310319158423,1,0.223301302207919
0.19681334862641,1,0.168637929619047,1,0.222878086086768
0.26426442886108,1,0.163220961680086,1,0.217538345881142
0.220449265827675,1,0.166920400368139,1,0.212837983883916
0.133619775654228,1,0.172273528813007,1,0.20672032171347
0.0917637472661661,0,0.173915624397959,0,0.223807791093606
0.200765887022041,1,0.168364280344217,1,0.21301706192114
0.183901193320341,1,0.16949392425952,1,0.215966202025058
0.190938362115727,1,0.169034611392955,1,0.210212941882854
0.114301422911054,0,0.173107243628562,1,0.221281670191912
0.209376701466259,1,0.167749258337505,1,0.208528026183704
0.197202695867593,1,0.168611215504661,1,0.225207811495373
0.232777199242556,1,0.165947251318761,1,0.215901734428168
0.148072429622812,1,0.171564790690528,1,0.201534621129209
0.197339743331049,1,0.168601799748724,1,0.214488520328696
0.0827567727089163,0,0.174189218625742,0,0.221395938761173
0.240769212829139,1,0.165288041152763,1,0.209763218602495
0.215128289817215,1,0.167324049670216,1,0.220251479979939
0.279876713372209,1,0.161740819356648,1,0.208336017144924
0.187664442966195,1,0.169250446296414,1,0.21939759944947
0.220382932966685,1,0.166925493173686,1,0.223520634671204
0.128999124197267,1,0.172484768198791,1,0.220944923346261
0.125534888916803,1,0.172638262379544,1,0.204617077188532
0.241037853641694,1,0.165265495471301,1,0.217350539589948
0.28107376186635,1,0.161623817608246,1,0.21411430058389
0.102674827333542,0,0.173546354417885,1,0.224972317124242
0.189800069880245,1,0.169110077697382,1,0.204641101447795
0.10173744594121,0,0.173579706547772,1,0.228567621809288
0.0945542978511606,0,0.173825127581664,1,0.210172466974986
0.15439925921682,1,0.17123162964373,1,0.205273591534686
0.15486695026398,1,0.171206448134683,1,0.215873711822592
0.0963123680438051,0,0.173766721558334,1,0.223752783515751
0.223780501117304,1,0.166662665567361,1,0.201409116756939
0.325947210991279,0,0.156876563152242,0,0.211619103389759
0.245977925355584,1,0.164846409652147,1,0.20311149742043
0.226283545074305,1,0.166466459875193,1,0.220741816990309
0.293972458970654,0,0.160331314145956,1,0.204090145587239
0.186998693123413,1,0.169293879009862,1,0.215928313729528
0.23409093809658,1,0.165840420190065,1,0.201148083194457
0.209876827432736,1,0.167712742590767,1,0.230212807942705
0.183595257150088,1,0.169513500983447,1,0.213795746970827
0.178483808913114,1,0.16983575390809,1,0.221769506563598
0.18202781720073,1,0.169613288969911,1,0.21995487587069
0.282473040930036,1,0.161486414900292,1,0.205882466111438
0.213003180582781,1,0.167482500690515,1,0.21187837677603
0.294520713863407,0,0.160275088697671,1,0.19393521661249
0.294209369753632,0,0.16030703100837,1,0.220061575295808
0.200439829463096,1,0.168387060710745,1,0.212886813770316
0.282387527769252,1,0.161494831519085,1,0.201081148175023
0.222673330949752,1,0.166748755887183,1,0.203725531631802
0.125951091334475,1,0.172620042122801,1,0.218639672921975
0.259659083922133,1,0.163641319432011,1,0.197714065196897
0.20211161845658,1,0.168269867085686,1,0.217140158058903
0.144500716000032,1,0.171746712412558,1,0.201912314219234
0.145075262287381,1,0.171717748442679,1,0.220782142919309
0.231229781608015,1,0.16607231239026,1,0.210227973638385
0.23338814810595,1,0.165897644852901,1,0.210659111473039
0.248822406713824,1,0.164601236734755,1,0.209677982556628
0.15847540794255,1,0.171009598230363,1,0.216426697956316
0.065274734780831,0,0.174639634640478,0,0.236348886616007
0.244831373940065,1,0.164944435172286,1,0.200636532170292
0.107465646671271,0,0.173371118236449,1,0.223346418574934
0.220435116195038,1,0.166921486856337,1,0.221134212909149
0.236821939979016,1,0.165616412230741,1,0.20975020371063
0.14757446957859,1,0.171590420435861,1,0.218646889229577
0.159215041485498,1,0.17096868914182,1,0.207221571777491
0.211482840716255,1,0.167594892719255,1,0.217517039818027
0.12032289793198,1,0.172861321049783,1,0.204208171900959
0.264286111136901,1,0.163218965091917,1,0.209626175016316
0.22315624875974,1,0.16671125819318,1,0.21147410502589
0.183006026551601,1,0.169551113658115,1,0.217016438364416
0.237156345519488,1,0.165588804060826,1,0.218083832463611
0.234724606371222,1,0.165788676005651,1,0.215936521539952
0.143065269419464,1,0.171818573394518,1,0.208315424769006
0.223066720576475,1,0.166718216037995,1,0.212034117255628
0.311087950144696,0,0.158526507773595,0,0.18823137974656
0.238274769490153,1,0.165496184635297,1,0.210936810940337
0.133273705454194,1,0.17228960753858,1,0.22346238676424
0.189941380171828,1,0.169100733691112,1,0.222134592363218
0.216768080133516,1,0.167200707977054,1,0.202791894632244
0.226177285829167,1,0.16647483362776,1,0.209590816784984
0.211791134637379,1,0.167572167073003,1,0.213230266516644
0.20998634641611,1,0.167704734627026,1,0.203072711058382
0.187769291402398,1,0.169243592027462,1,0.208044817035085
0.187018589997478,1,0.169292583201912,1,0.213369140253393
0.170243826355879,1,0.170336072176066,1,0.218041146906904
0.078934234219827,0,0.174296793764499,0,0.22570065351268
0.249408539198931,1,0.164550365580778,1,0.210480471674055
0.203054139404361,1,0.168203366050939,1,0.20906395767007
0.128281227147951,1,0.172516920334529,1,0.216837085737521
0.153894920905984,1,0.171258698911486,1,0.207034606961817
0.138313745686084,1,0.172051322146826,1,0.212459230521499
0.161041807639093,1,0.170866833950748,1,0.212344815100889
0.184917760976779,1,0.169428640194313,1,0.211656349118857
0.12345737563689,1,0.172728308229308,1,0.212177532574802
0.199831193860701,1,0.168429484511649,1,0.22242841797671
0.167472555957756,1,0.170499021292412,1,0.221109090435486
0.197806752155479,1,0.168569665031372,1,0.217083461383751
0.121784552535411,1,0.17279972096637,1,0.215478662091971
0.19179951498552,1,0.168977218668896,1,0.222866431282921
0.227355378753744,1,0.166381773819694,1,0.218399894895492
0.229370128821011,1,0.166221502675057,1,0.220899214509552
0.163679704744002,1,0.170717700346988,1,0.207222267828028
0.159297556080795,1,0.17096411344431,1,0.21184870900491
0.152522987125446,1,0.171331886020361,1,0.210035748549983
0.186036630933282,1,0.169356369797635,1,0.214059953514604
0.16629832821054,1,0.170567257884827,1,0.221123321336416
0.187279145433954,1,0.169275601476781,1,0.206736487892777
0.24990198754381,1,0.164507445619991,1,0.21171250687867
0.202406861709455,1,0.168249069059102,1,0.214390859735448
0.218027719117455,1,0.167105323508836,1,0.212288432854089
0.213501823423291,1,0.167445462648594,1,0.214462252606901
0.154919027593199,1,0.171203639461415,1,0.224256365290333
0.267509061870988,1,0.162920357441107,1,0.200837035297948
0.179723023673185,1,0.169758463566332,1,0.206494062390081
0.186872705920237,1,0.169302080874805,1,0.218304017666111
0.218499129664383,1,0.167069484251411,1,0.208830716658961
0.11331926383147,0,0.17314615805077,1,0.222426128698227
0.266742083128131,1,0.162991747217186,1,0.202458312947842
0.258650650088643,1,0.163732376984283,1,0.199870692005844
0.227821435378771,1,0.166344825444529,1,0.224198076441468
0.208167344640143,1,0.167837196710066,1,0.2027267442427
0.200406566647962,1,0.168389382569657,1,0.211467035908946
0.239567088917973,1,0.165388620889158,1,0.202042134175576
0.130524562388859,1,0.172415853066435,1,0.207285909700566
0.185228889344209,1,0.169408587499666,1,0.21803208982973
0.332584090281679,0,0.156114667766088,0,0.196983039551723
0.252913785768791,1,0.164243637871857,1,0.227537467572999
0.131037296775796,1,0.172392507113378,1,0.222795309100246
0.301464376724771,0,0.159553901661892,0,0.198837085435281
0.228749866060977,1,0.166270994785343,1,0.222436683539521
0.186587629573296,1,0.169320619139998,1,0.199827995258211
0.22803068745074,1,0.166328211555588,1,0.231109448159789
0.181682774769353,1,0.169635140400374,1,0.229121967009459
0.319208770840108,0,0.157634355068141,0,0.200521567783519
0.182274217516406,1,0.169597659113286,1,0.221784188479453
0.156243910430083,1,0.171131867051311,1,0.213137788805155
0.136169478741789,1,0.172153781351296,1,0.234607664167597
0.235970506017327,1,0.165686529554722,1,0.204217052313606
0.261862447807494,1,0.163441129028503,1,0.215498759122267
0.365634718318034,0,0.152091038035586,0,0.200580464302863
0.153831687897017,1,0.171262086553707,1,0.228519673386104
0.199834773876299,1,0.168429235351059,1,0.213968284850518
0.205632761540165,1,0.168019844158835,1,0.203691780231854
0.272001368793844,1,0.162498091586974,1,0.19428621747498
0.222278193424107,1,0.166779377081613,1,0.217938229866365
0.1281161464149,1,0.172524288345109,1,0.207704468166768
0.257956496630035,1,0.163794849954677,1,0.208360311033945
0.12494779738534,1,0.172663861132074,1,0.228595966040009
0.0978632100898109,0,0.173714306552321,1,0.220992813907855
0.162247714012314,1,0.170798958885457,1,0.214314182469729
0.24496699354246,1,0.16493286416999,1,0.217188157850065
0.196770252636924,1,0.168640883296414,1,0.224786824076567
0.176112304210496,1,0.169982173251073,1,0.203751908906413
0.271125255774862,1,0.16258099729519,1,0.201833792771713
0.1673966739221,1,0.170503445464218,1,0.202655300307437
0.203899227685214,1,0.168143476120693,1,0.20964590055662
0.237963681062232,1,0.165521990452088,1,0.218057274561496
0.227475211501981,1,0.166372280869857,1,0.225832873184056
0.155881516348471,1,0.171151559668439,1,0.2124783819374
0.134821778597159,1,0.172217358594349,1,0.216226851496702
0.242731120278331,1,0.165122808361408,1,0.20664223245767
0.234406831641549,1,0.165814642419141,1,0.214337857654578
0.225331610776339,1,0.166541336561428,1,0.213825908021527
0.297425106850577,0,0.159975480878461,1,0.197287394344102
0.186245728782964,1,0.169342815282717,1,0.225826215908786
0.155440478138343,1,0.171175464097549,1,0.21202559108127
0.186629052443602,1,0.169317927206324,1,0.203458722113881
0.266792716065921,1,0.162987040676371,1,0.204440657928515
0.21045301251783,1,0.167670565385437,1,0.218528073295085
0.157490790340295,1,0.171063761570955,1,0.218633825783511
0.352228871071442,0,0.153769176951519,0,0.194225648205268
0.19152526327433,1,0.168995524612938,1,0.212727460821967
0.212008308070228,1,0.167556138401272,1,0.21889647727681
0.114415055672324,1,0.173102719667369,1,0.212120857406505
0.219570139701879,1,0.166987771970811,1,0.200152595380716
0.185895407530149,1,0.169365515809971,1,0.209210573877594
0.222398821055611,1,0.166770034815676,1,0.216261944661333
0.267349419127986,1,0.162935233790931,1,0.209670045829717
0.190812560982329,1,0.169042973939149,1,0.223144057607183
0.312003996683894,0,0.158427024812182,0,0.19756884215819
0.256469850877384,1,0.163928080313881,1,0.205742599572979
0.14297399557789,1,0.171823118449226,1,0.216868562263734
0.184798893269216,1,0.169436292488836,1,0.21082999696399
0.200515986679731,1,0.168381743222138,1,0.212987085627062
0.269287376537316,1,0.162754042975194,1,0.195019781027481
0.203947184212649,1,0.168140070057745,1,0.217915440724452
0.170576224858854,1,0.170316347554498,1,0.201359211758464
0.171886455080959,1,0.170238223059321,1,0.210923567345169
0.253124428601977,1,0.164225068885428,1,0.204043988252364
0.0738977816331888,0,0.174430764098085,0,0.237535996897351
0.189462377409361,1,0.169132379087664,1,0.224314038915559
0.241560207574763,1,0.165221584815263,1,0.214191996043578
0.169912705156461,1,0.170355682715021,1,0.214581257258675
0.317958672721216,0,0.15777319242942,0,0.19387900652906
0.177173265599092,1,0.169916910644787,1,0.209492022306055
0.0797630336222455,0,0.174273901358656,0,0.221694112722662
0.0525211680617992,0,0.174901100980238,0,0.213662030574411
0.219006009545198,1,0.16703086192871,1,0.213746884160138
0.205540221328978,1,0.168026470410156,1,0.221151868714206
0.143634156466016,1,0.171790179783247,1,0.226939844996823
0.215687764016945,1,0.167282072571756,1,0.204313804422302
0.249139955255435,1,0.16457369119466,1,0.209321871368353
0.114446807473675,1,0.173101454756967,1,0.222695635608886
0.197407706021927,1,0.168597127987536,1,0.22187830566874
0.221582834178513,1,0.166833131699788,1,0.221997481709833
0.192570623904401,1,0.168925607630194,1,0.206062679592638
0.254556521386409,1,0.16409841369095,1,0.209665914513685
0.248745073467437,1,0.164607939626796,1,0.203428828459823
0.140278673543798,1,0.17195602585079,1,0.196425993985675
0.076413561558424,0,0.174364947922533,0,0.209555925778955
0.106758686951123,0,0.173397479766083,1,0.214527321909441
0.255069563719669,1,0.164052865709391,1,0.210178464063
0.277780833730488,1,0.161944469096947,1,0.199192376488699
0.202843869939834,1,0.16821822878743,1,0.20939419458167
0.175340365307558,1,0.170029410712717,1,0.206642901277009
0.191764749939688,1,0.168979540641777,1,0.195913088879146
0.147247839805193,1,0.171607184980656,1,0.215011443187741
0.199249033241487,1,0.168469942055732,1,0.204598782694863
0.119475969066031,1,0.172896673587067,1,0.221501198097996
0.202901685138438,1,0.168214143701148,1,0.222093068665974
0.230331415484496,1,0.166144534299094,1,0.201831064266695
0.209851891864208,1,0.167714565280227,1,0.21237281708
0.195716117979576,1,0.168712929058067,1,0.207498211834553
0.269534426631363,1,0.16273085057969,1,0.211145804650537
0.267664235529437,1,0.162905889014261,1,0.210182321048629
0.246279181810288,1,0.164820577322769,1,0.200219347670884
0.186800568718276,1,0.169306774571466,1,0.219885720448807
0.307361257934271,0,0.158928203287422,1,0.213078149068953
0.30147875331344,0,0.159552390990703,1,0.206717375153986
0.208026295366741,1,0.167847419891727,1,0.214998865949519
0.184941165586882,1,0.169427132905532,1,0.226262325913717
0.176815937002518,1,0.169938934713549,1,0.203600975002311
0.204857156912744,1,0.1680752881898,1,0.206954669703069
0.232517405845806,1,0.165968305977635,1,0.220465734099252
0.0854858117553935,0,0.174109304516942,1,0.230384480663316
0.100898674343992,0,0.173609290735328,1,0.215322388678886
0.231253476547992,1,0.166070403682867,1,0.201232454846347
0.159031724376868,1,0.170978846169443,1,0.215333328586949
0.217109262689513,1,0.16717492704078,1,0.209828083527271
0.256945065037164,1,0.163885576430149,1,0.200964447650488
0.239565605571181,1,0.165388744686813,1,0.215289641737605
0.252304442161796,1,0.164297266672223,1,0.206230661271458
0.135702602070817,1,0.172175877710278,1,0.215721707677979
0.060591199967119,0,0.174742232653586,0,0.221207816946567
0.0967843163723175,0,0.173750859409016,0,0.208462160965013
0.180438306615347,1,0.16971360740781,1,0.211612721255997
0.165127338160242,1,0.170634827785547,1,0.21872375227642
0.191195698338534,1,0.16901748795202,1,0.223056356992889
0.210440706646762,1,0.167671467395044,1,0.218952115032434
0.200193105085606,1,0.168404273738345,1,0.210110985893473
0.329589132340575,0,0.156460388418542,0,0.203862608667895
0.272865773470649,1,0.16241603109857,1,0.215770164062304
0.253404914923156,1,0.164200318878589,1,0.223832829848097
0.201798963531571,1,0.168291858515424,1,0.218272178868038
0.224596560590808,1,0.166598937395224,1,0.221047711278168
0.170257442678677,1,0.170335264936029,1,0.210004751653509
0.173345327621554,1,0.170150531526326,1,0.21566362180758
0.242939194337092,1,0.165105205472399,1,0.200192843057674
0.11552319023948,1,0.173058366717544,1,0.222468757362716
0.023539700295341,0,0.175284740395652,0,0.221975968120548
0.164116784040957,1,0.170692755865941,1,0.21392489339782
0.298800731904791,0,0.159832547005405,0,0.203444290579038
0.296279057761799,0,0.160094055730781,1,0.203789094858368
0.178627567594363,1,0.169826815066537,1,0.230760725083089
0.181608131820494,1,0.169639862055083,1,0.214277485113834
0.109773087703789,0,0.173283865874703,1,0.236162903597909
0.196159077443159,1,0.168682701802227,1,0.219068369323938
0.196050134999987,1,0.168690142305306,1,0.212160581379961
0.160890584412212,1,0.170875309868895,1,0.237406712930713
0.24287920831222,1,0.165110281789439,1,0.212375763499866
0.195418829698765,1,0.168733177443791,1,0.212214291829598
0.256674470340822,1,0.163909788500385,1,0.200558759376501
0.273678313928623,1,0.162338656283645,1,0.229832261092693
0.231254256423347,1,0.166070340857945,1,0.209767731455331
0.169013245211235,1,0.170408760034823,1,0.214238146991726
0.250101399247565,1,0.164490076746809,1,0.212832788721066
0.241120340762615,1,0.16525856768517,1,0.218440757961841
0.228881914403174,1,0.16626046960854,1,0.215088673639523
0.294922698425261,0,0.160233797037499,1,0.206934362361048
0.208491556932927,1,0.167813671658997,1,0.20699705647238
0.189910929094744,1,0.169102747827587,1,0.217285286593671
0.27968852785272,1,0.161759167428096,1,0.211179179201016
0.194957785267807,1,0.168764518352103,1,0.217844698599674
0.187414785946946,1,0.169266751725876,1,0.225753403287344
0.253160226174052,1,0.164221911650127,1,0.198685559643017
0.212686851298726,1,0.167505951941726,1,0.234109577743094
0.149677467462456,1,0.171481592199556,1,0.220706749367385
0.0970963288105381,0,0.173740330105745,1,0.216629725206109
0.173041877463011,1,0.17016883274807,1,0.226014059357576
0.252599704901778,1,0.164271296557692,1,0.214806828368353
0.200312829830671,1,0.168395923646315,1,0.212804574628183
0.25694553187813,1,0.163885534636412,1,0.211681636544241
0.239495128605124,1,0.165394625692188,1,0.21674124789376
0.168588077252946,1,0.170433751142342,1,0.217251844614411
0.250100736675193,1,0.164490134480225,1,0.207123255875299
0.22993851395519,1,0.166176032129256,1,0.213651442078584
0.148133136640642,1,0.171561660223513,1,0.212367882644199
0.139650030942634,1,0.171986660477988,1,0.214086354771003
0.239636442863696,1,0.165382831866976,1,0.196440094190149
0.241486989856992,1,0.165227745457118,1,0.209119958049207
0.287108891378595,0,0.161026308741994,1,0.207814770357173
0.198493587916499,1,0.168522265927302,1,0.201607215524672
0.117033802336475,1,0.172997215771849,1,0.226778610953773
0.211639190072456,1,0.167583371691194,1,0.1986843734185
0.296354645891489,0,0.160086249217572,1,0.222830987064676
0.0902597180102628,0,0.173963275120883,0,0.220614547371462
0.269380686864377,1,0.162745285758694,1,0.207501426856471
0.243372916195524,1,0.165068464394786,1,0.201690747658352
0.186157851773921,1,0.169348513660274,1,0.201271671076194
0.104101342193943,0,0.173495011719683,1,0.216104577890118
0.253661316074572,1,0.164177670109882,1,0.211733625456865
0.231537180662073,1,0.166047535143927,1,0.216846507472203
0.148315110598017,1,0.171552268714398,1,0.204093587621124
0.242583451312505,1,0.165135291863556,1,0.216575466366061
0.220981256666348,1,0.166879500448807,1,0.219307785734747
0.131488916807747,1,0.172371867979724,1,0.220685622119395
0.16667952820272,1,0.170545158311229,1,0.205624977008621
0.164217815102062,1,0.170686980465605,1,0.226696254164378
0.238766307118959,1,0.165455341119229,1,0.210534064394678
0.272149040121759,1,0.162484091194664,1,0.214984141258588
0.192791466128284,1,0.168910788264759,1,0.215638741435742
0.128710914373008,1,0.172497697692631,1,0.214644898152478
0.192764457664594,1,0.168912601549545,1,0.22103818287761
0.171116784333349,1,0.170284188367889,1,0.212437525145647
0.220646161452669,1,0.166905274369169,1,0.198583715281761
0.24798686999371,1,0.164673546670195,1,0.205993864755928
0.178666859127819,1,0.169824370685465,1,0.216438024606603
0.188422073107862,1,0.169200831442345,1,0.209486068768012
0.0768263321062509,0,0.174353938862055,0,0.217100870660024
0.1988834745279,1,0.168495286338126,1,0.222803807003877
0.251011742585431,1,0.164410608995856,1,0.201502162910106
0.261689714275285,1,0.163456884265243,1,0.208675705879595
0.230407001641879,1,0.166138468587888,1,0.209881222003367
0.141457178635845,1,0.171898224680244,1,0.234444267167915
0.170507303171864,1,0.17032044055152,1,0.212243504619298
0.155043643186577,1,0.171196914764294,1,0.213441200874527
0.13623835948892,1,0.172150514932486,1,0.205147318748482
0.268153020237978,1,0.162860259658566,1,0.202811799248411
0.265245243356372,1,0.163130480224657,1,0.220205212421971
0.0840388250982956,0,0.174151999401465,1,0.229741222693937
0.270919674385643,1,0.162600412426299,1,0.21032622444407
0.103811745354746,0,0.1735054921311,1,0.242205876827389
0.182230045670245,1,0.169600462613197,1,0.221780680157032
0.0878804566209227,0,0.174037046437163,0,0.204997894512622
0.205983890042622,1,0.167994674781215,1,0.223809498416339
0.21880198837895,1,0.16704641834424,1,0.218235599083806
0.183765993743934,1,0.1695025796458,1,0.20881511203931
0.339605465304452,0,0.155291858231196,0,0.220406644459289
0.202706129847121,1,0.168227956482593,1,0.210010107309822
0.251807384806122,1,0.164340917083277,1,0.205146367152784
0.177806254520179,1,0.169877786906489,1,0.209973504673229
0.305221043848988,0,0.159156699495525,0,0.197871544233546
0.204977499651565,1,0.168066699249513,1,0.21648142725307
0.246155184667883,1,0.164831213744189,1,0.202682523002639
0.151089199851072,1,0.171407671911549,1,0.216131666656009
0.252737073514687,1,0.164259203797743,1,0.206729503342273
0.165429313237121,1,0.170617448577762,1,0.210885419997474
0.268986553213908,1,0.162782254677289,1,0.207962371186015
0.231825657089837,1,0.166024253126031,1,0.195878916398827
0.190760612885194,1,0.169046425544486,1,0.215735809099437
0.179108821668391,1,0.169796838508971,1,0.204363933827628
0.1533330819102,1,0.171288750041191,1,0.212240046723525
0.157677052552533,1,0.171053541285289,1,0.207639740739583
0.22494758482727,1,0.166571453551924,1,0.234622138427356
0.216903300068262,1,0.167190495147573,1,0.214957050088156
0.233648176174575,1,0.165876492158915,1,0.191940058728351
0.207900378177656,1,0.167856540445479,1,0.23974633530957
0.204122610014344,1,0.168127603788011,1,0.221823421873317
0.0736569535767656,0,0.174436948918445,0,0.210125001713212
0.249565930015062,1,0.164536685015298,1,0.198393077643689
0.178544426748361,1,0.169831985600364,1,0.21912519958929
0.253415045138264,1,0.164199424478369,1,0.2085191991313
0.126953962561103,1,0.172575891179131,1,0.224503947186404
0.336717885360667,0,0.155632331509227,0,0.209861784863348
0.205243537150609,1,0.168047694054713,1,0.208496435002803
0.186100943893636,1,0.169352202410958,1,0.221786435913103
0.228677100407483,1,0.166276792117111,1,0.214432369523649
0.240219868123166,1,0.165334066498,1,0.227520275785553
0.138154488871573,1,0.17205898695702,1,0.214671568841144
0.184683892103224,1,0.16944369118068,1,0.209880668266882
0.0837834281820151,0,0.174159459468479,1,0.233883936535763
0.220571324398788,1,0.166911025126243,1,0.20484501540817
0.119135552547178,1,0.172910812877448,1,0.217625244706263
0.207557596955895,1,0.167881341085356,1,0.196757577581066
0.255933635371299,1,0.163975945579324,1,0.231645283290571
0.212426999137474,1,0.167525190118408,1,0.207321498397889
0.20023376328492,1,0.168401438630195,1,0.222217311078412
0.147563442781158,1,0.171590987001667,1,0.215530291363772
0.274094204836643,1,0.162298963519836,1,0.204858463767675
0.13680292445229,1,0.172123680202084,1,0.222765541255351
0.280099586613631,1,0.161719073233859,1,0.211119231603808
0.100133484637765,0,0.173636065930421,0,0.208301469791218
0.195430666904538,1,0.168732371797568,1,0.224841331083303
0.209040094791701,1,0.167773785918471,1,0.212607633307277
0.21695686031167,1,0.167186448110484,1,0.210052638413144
0.118864530209688,1,0.172922041003648,1,0.216948574035726
0.312846541083474,0,0.15833526518518,0,0.206498507986867
0.203914570913731,1,0.168142386470949,1,0.204751768036293
0.247764308318941,1,0.164692766746894,1,0.196872251033683
0.207675514859057,1,0.167872814204841,1,0.20266477428555
0.302885118433891,0,0.159404262977016,0,0.200794888161929
0.272411011587821,1,0.162459235518623,1,0.208920834028978
0.22410566786478,1,0.166637300308014,1,0.218306691100356
0.167391591693299,1,0.170503741703139,1,0.211457574091102
0.227326748913525,1,0.166384041086254,1,0.207267699415992
0.132669964753349,1,0.172317557983177,1,0.214450176850538
0.235268605462094,1,0.16574414226406,1,0.211237054453426
0.175040112523494,1,0.17004772805511,1,0.210535608013097
0.172303029040568,1,0.170213258836294,1,0.219042332730914
0.210268502250946,1,0.167684084285999,1,0.211819790645552
0.195352258536759,1,0.168737707400805,1,0.211558930035033
0.124671830414091,1,0.172675852545906,1,0.222758945719564
0.237127777483606,1,0.165591164132339,1,0.210273236301079
0.174720057539096,1,0.170067218858518,1,0.209352036223582
0.230734000161906,1,0.166112204327111,1,0.203396032140553
0.19865141045149,1,0.168511351221867,1,0.230325672616118
0.204139322443844,1,0.168126415594058,1,0.219767846694268
0.227025143062547,1,0.166407908610735,1,0.217222885482477
0.132103845445848,1,0.172343651376626,1,0.211156540640035
0.1242930288266,1,0.172692269169842,1,0.221088162997325
0.188355282198507,1,0.169205213415661,1,0.203405529393681
0.235503323471366,1,0.165724895504501,1,0.213727047725877
0.149311990005284,1,0.171500615955014,1,0.21683943343149
0.146188463864793,1,0.17166130254486,1,0.222504473367704
0.242252918788447,1,0.165163206533162,1,0.224917969737903
0.200006495557835,1,0.168417278680959,1,0.215035658540475
0.147736785503412,1,0.171582075610275,1,0.209050111284632
0.207363687422322,1,0.167895352529325,1,0.211318432346874
0.106487859444958,0,0.173407532431181,1,0.211043743282085
0.121253325785458,1,0.172822195104146,1,0.217614574693914
0.219934631088565,1,0.166959871985885,1,0.210427877653353
0.145362325841282,1,0.171703233937144,1,0.23095179262216
0.214317333382087,1,0.167384701542311,1,0.219620155757257
0.189597197729389,1,0.16912348024998,1,0.205631230108893
0.229781059263969,1,0.166188639719016,1,0.205454303983049
0.208535611543224,1,0.167810472199191,1,0.220392703324066
0.2800797058961,1,0.161721013734298,1,0.208752722570084
0.243658209640853,1,0.16504426106182,1,0.212409753363991
0.2571354357531,1,0.163868527262666,1,0.210035708262373
0.298120965532479,0,0.15990326056808,1,0.197610140035181
0.206987026296049,1,0.167922531694994,1,0.215340454830181
0.132019949894899,1,0.172347508765788,1,0.208891889975712
0.142819387839817,1,0.171830810644372,1,0.220900982499445
0.244724892810899,1,0.164953515594569,1,0.202384755714068
0.248444385620439,1,0.164633982035747,1,0.188621253906992
0.191411971883986,1,0.16900307901159,1,0.214550937752177
0.34716136383554,0,0.154387138766912,0,0.191269696269445
0.228688272251766,1,0.166275902162172,1,0.223317993777297
0.103259497877443,0,0.173525396831035,1,0.216257736737232
0.144486061734023,1,0.171747449657847,1,0.205042124256254
0.205781473340154,1,0.16800918953987,1,0.210138826369082
0.168961873786755,1,0.170411782961379,1,0.205946481278647
0.268286326694581,1,0.162847800665222,1,0.203210638005547
0.317916587368797,0,0.157777856969371,0,0.202690727652797
0.114668399054112,1,0.173092617340347,1,0.211001219501924
0.20589247730975,1,0.168001231512427,1,0.212023347551431
0.262383285976647,1,0.163393559675453,1,0.210602013545555
0.0514531451510786,0,0.174920427568081,0,0.224220392859982
0.238553688841033,1,0.165473018635441,1,0.208628316595675
0.136333141226717,1,0.172146017551492,1,0.208753975515652
0.232747554865709,1,0.165949655003725,1,0.209290156277112
0.137293771532291,1,0.172100259173024,1,0.217799123039312
0.271721845518468,1,0.162524571718701,1,0.207420467770995
0.142162937660809,1,0.17186337824936,1,0.216570332984518
0.201168256834268,1,0.168336117235577,1,0.218639685197571
0.150683368430321,1,0.171428992932884,1,0.208754095861313
0.173173228837747,1,0.170160914824423,1,0.205073140559705
0.239891317063974,1,0.165361542920097,1,0.218986627864942
0.331387792478824,0,0.156253137847968,0,0.201087121859857
0.292707337873914,0,0.160460655872534,1,0.206632389073454
0.193772955772519,1,0.16884472079708,1,0.218009940170907
0.235617214635618,1,0.165715549558506,1,0.207365849231686
0.172236095899815,1,0.170217274048386,1,0.22306759942504
0.234626858506834,1,0.165796667056115,1,0.221270464884527
0.191702600124262,1,0.168983690605586,1,0.223502200325554
0.231561119379262,1,0.166045604230784,1,0.206436206892176
0.205748996908478,1,0.168011517007449,1,0.213367695925446
0.231743239677166,1,0.166030907737008,1,0.200300089182114
0.260363496670866,1,0.163577503138198,1,0.207069701215019
0.162637907147972,1,0.170776888146071,1,0.209318168059164
0.0541634967841337,0,0.174870607176767,0,0.221307962347489
0.188068376353316,1,0.16922401885317,1,0.243297521583433
0.201794878806962,1,0.16829214559999,1,0.204737382727471
0.155407181033953,1,0.171177266060805,1,0.219467995429725
0.198057041682195,1,0.168552411393848,1,0.204290532274743
0.142531579666958,1,0.171845107777036,1,0.221090396444172
0.274496364023302,1,0.162260523862914,1,0.204275558693999
0.252586497501048,1,0.164272458877377,1,0.203512058548369
0.280928151895061,1,0.161638076539256,1,0.217745564547525
0.287787465998991,0,0.160958330532583,1,0.199761684481928
0.134413980915194,1,0.172236471602473,1,0.221560323363041
0.116774884303618,1,0.173007753445133,1,0.217755873164302
0.19354126343615,1,0.168860347096316,1,0.20841042640453
0.203108248035191,1,0.168199538929402,1,0.223319265572874
0.159220809011685,1,0.17096836939122,1,0.219593179795457
0.223599971172039,1,0.16667673222918,1,0.205149521282105
0.191653182112944,1,0.168986989460486,1,0.21969012079624
0.132948575823315,1,0.172304675337177,1,0.216645445599772
0.20597342419456,1,0.167995425609403,1,0.1942293869429
0.197273378087184,1,0.168606360147028,1,0.205829343445415
0.234157782953041,1,0.165834968372863,1,0.207622091091641
0.213278707932098,1,0.16746204587451,1,0.221117767191282
0.265578986419734,1,0.163099615378389,1,0.194493537667412
0.197334035784868,1,0.168602192012629,1,0.205627635510632
0.156501164066281,1,0.171117860028405,1,0.2129736345227
0.258602411739507,1,0.163736723816483,1,0.19517715143747
0.127490961223512,1,0.172552106044734,1,0.236774519184326
0.192588696200336,1,0.168924395548235,1,0.206309953175436
0.264898514415845,1,0.163162504821455,1,0.223962507184831
0.242597915156043,1,0.165134069468771,1,0.183270042236796
0.182355091179251,1,0.169592524458824,1,0.198560954145345
0.152909400307663,1,0.171311338789093,1,0.218273013709735
0.193683115067418,1,0.16885078225133,1,0.21081762070434
0.14347280522839,1,0.171798244408254,1,0.216809835869401
0.27973036253752,1,0.161755089619416,1,0.198358284957472
0.29839875109793,0,0.159874383084075,1,0.212874545652739
0.274919162428844,1,0.162220050531381,1,0.213326718120403
0.231527213109626,1,0.166048339074497,1,0.20238312427871
0.280802913200486,1,0.16165033467772,1,0.204153759778406
0.175312839896797,1,0.170031091247326,1,0.198307265381616
0.197019219131703,1,0.168623810900248,1,0.197661605059253
0.23324562264585,1,0.165909228965928,1,0.213197906533589
0.230383871952212,1,0.16614032493331,1,0.21486925953939
0.188070835119862,1,0.16922385781357,1,0.218363180083249
0.321115586690231,0,0.157421529309238,0,0.196661222052999
0.161973704451876,1,0.170814426148246,1,0.208010855587255
0.204934875644551,1,0.168069741930513,1,0.204480089184934
0.345208475624321,0,0.15462288613707,0,0.188604977454564
0.156275690909124,1,0.171130137906748,1,0.206821337857296
0.104341095311856,0,0.173486313037549,1,0.216388930910069
0.102460849750685,0,0.173553994714989,1,0.21717751418492
0.237611163804525,1,0.165551192109371,1,0.214002769386822
0.108096680789858,0,0.173347440847876,1,0.215159775979221
0.254369341663451,1,0.164115008658786,1,0.198171236308171
0.17573342206263,1,0.170005384240906,1,0.231006056553331
0.257177933235213,1,0.163864719557476,1,0.208175480262963
0.19517724868221,1,0.168749608896968,1,0.209817325199687
0.218162153433335,1,0.167095110964021,1,0.216603335232906
0.274684002998423,1,0.162242569404535,1,0.203790255051218
0.173188108391983,1,0.17016001749859,1,0.214215422722378
0.157517431298998,1,0.171062300511298,1,0.217584806113622
0.213348534545352,1,0.167456857825904,1,0.210372070662773
0.326293319915528,0,0.15683721161261,0,0.205040536597578
0.246881939185013,1,0.164768796605026,1,0.210594167798264
0.180051392317661,1,0.169737893361371,1,0.201003738506711
0.234456103428264,1,0.165810618568376,1,0.229218866140913
0.105121658315584,0,0.173457854109409,1,0.215162418396897
0.20912238561073,1,0.167767793267591,1,0.218110459287999
0.128581557288953,1,0.172503491423855,1,0.232717955809668
0.137862925333991,1,0.172072996611322,1,0.21402050841649
0.192632481115197,1,0.168921458487081,1,0.214412345684834
0.221456190542757,1,0.166842903704494,1,0.20691630319854
0.301117159090633,0,0.159590364847954,1,0.198175465923082
0.253556106909392,1,0.164186966362795,1,0.216967475034548
0.199659132161261,1,0.168441454328436,1,0.218802044240293
0.207671172356725,1,0.167873128305914,1,0.202403044210419
0.149491983917141,1,0.171491252766135,1,0.217317440950027
0.285007056315941,0,0.16123584535327,1,0.204301301286739
0.2206190667552,1,0.166907356651948,1,0.21012291410502
0.210797927784427,1,0.167645261910878,1,0.214848935230963
0.177063224682839,1,0.169923697796417,1,0.215127165317636
0.169254417356802,1,0.170394556082114,1,0.208418554696212
0.0368020940526586,0,0.175145464162017,0,0.220871387889256
0.184090620980421,1,0.1694817865091,1,0.220419637426676
0.200217930416488,1,0.16840254272928,1,0.215938384541607
0.243707993647169,1,0.165040034643678,1,0.210392690983879
0.235668107162942,1,0.16571137183793,1,0.206165805389999
0.173766036570774,1,0.170125105277403,1,0.218420228230382
0.116224771146194,1,0.173030064929733,1,0.218376147166777
0.198431352985875,1,0.168526567588618,1,0.212451947994181
0.147801264880173,1,0.171578758112862,1,0.21954672279466
0.168400572077401,1,0.170444752560653,1,0.2274872109555
0.164246457171388,1,0.170685342505949,1,0.207863442201903
0.207749163235787,1,0.167867486082499,1,0.221431376924111
0.10008077508016,0,0.173637902814779,1,0.225921692852973
0.197504136933739,1,0.168590496554568,1,0.221325848448315
0.21650387223786,1,0.167220644544503,1,0.206806779273438
0.280048495387548,1,0.161724059824981,1,0.205968974043586
0.225411391646703,1,0.166535073342678,1,0.216932064628795
0.241839479150156,1,0.165198069333719,1,0.207521314072486
0.27745634680887,1,0.161975861254635,1,0.205880073412797
0.190127083578147,1,0.169088443646915,1,0.225017689587706
0.204466407875043,1,0.168103141382094,1,0.194707031474528
0.160982818181364,1,0.170870141201804,1,0.21158857061535
0.0642069274751588,0,0.174663698188022,0,0.218090619065069
0.250979147107052,1,0.164413459387759,1,0.209718350187387
0.216980004561294,1,0.167184699010511,1,0.21626177910241
0.141518369295504,1,0.171895210298402,1,0.22132579003884
0.229295256584131,1,0.166227484016937,1,0.204509206653366
0.229362354850893,1,0.166222123807647,1,0.212167051312923
0.093636079466217,0,0.173855204479389,1,0.22310625756214
0.19879352526167,1,0.168501515400965,1,0.224451651759769
0.229167694569915,1,0.166237670098651,1,0.224432845521361
0.213749179602097,1,0.167427057419911,1,0.19738298756308
0.178175066521307,1,0.16985492700353,1,0.212692737047358
0.160298902358129,1,0.170908396496064,1,0.207053441800619
0.162562067734708,1,0.170781182052495,1,0.196968200793315
0.249420787574777,1,0.164549301250107,1,0.213349276439894
0.131851757965834,1,0.17235523458878,1,0.206500974410166
0.226755925733489,1,0.166429186267184,1,0.206452305034354
0.0739679177548555,0,0.174428959102267,0,0.209025430620176
0.288460052637561,0,0.160890793425478,1,0.208336369722545
0.191235978269542,1,0.169014805590413,1,0.209583318544654
0.292721251199996,0,0.160459236462534,1,0.211034255351084
0.277210480856479,1,0.161999622815031,1,0.200419824224966
0.189906284902943,1,0.169103054981613,1,0.224107727834494
0.152617342402139,1,0.171326873550273,1,0.209015364907935
0.207976544440136,1,0.167851024159007,1,0.221189726577088
0.236192611503682,1,0.165668263103298,1,0.214679500550998
0.11399880166745,0,0.173119269686385,1,0.214182288518247
0.23046595554951,1,0.166133736213827,1,0.20024425837928
0.162364079056049,1,0.170792382408536,1,0.220338851123419
0.174888263809584,1,0.170056979834547,1,0.207033082659292
0.103136201964173,0,0.173529826292858,0,0.209418166002033
0.278636703120029,1,0.161861492441363,1,0.207630909056406
0.203670995885834,1,0.1681596750579,1,0.22760702373005
0.205164286760726,1,0.168053358127632,1,0.20417022881244
0.274505511746067,1,0.162259648837336,1,0.209477728117021
0.153318279019184,1,0.171289540317518,1,0.212532302712677
0.247040699929339,1,0.164755136941036,1,0.221519034208834
0.257496997723243,1,0.163836111760891,1,0.22257734170561
0.21183625195242,1,0.167568838504582,1,0.200123867369324
0.201312757789067,1,0.168325989388156,1,0.210203426752232
0.121316456714506,1,0.172819529426456,1,0.226622943216956
0.263747511151729,1,0.163268512861545,1,0.208664701766774
0.119515611730277,1,0.172895024394698,1,0.214158759762358
0.209133879585308,1,0.167766956055778,1,0.21286911434473
0.241427599688075,1,0.165232741255242,1,0.201022916356693
0.204278099153652,1,0.168116545303882,1,0.209404744097424
0.244847020174498,1,0.164943100570324,1,0.207037435191179
0.211540408126033,1,0.167590651699608,1,0.209282819057575
0.32324653505709,0,0.157182182845836,0,0.202657073161008
0.272386217435862,1,0.162461588997966,1,0.195372630010193
0.204224482395889,1,0.168120359513392,1,0.214236431889336
0.208051179622271,1,0.167845616797256,1,0.20866867232702
0.135311056048663,1,0.172194350272939,1,0.210500887591674
0.156677646987315,1,0.171108237496807,1,0.211440794322767
0.124744064463682,1,0.172672716369577,1,0.220153075811329
0.168748638378764,1,0.170424320863064,1,0.214652744221439
0.183294512095851,1,0.169532713727329,1,0.208622635257279
0.196995709157494,1,0.168625423975395,1,0.211764840848732
0.180757441474505,1,0.169693536581733,1,0.222277529561074
0.222442030536354,1,0.166766687129813,1,0.217992695781503
0.206552990645929,1,0.167953789541306,1,0.217268861658326
0.186890290239654,1,0.169300936454205,1,0.236582234283806
0.121578618790027,1,0.172808444888413,1,0.215822994059532
0.149232039716322,1,0.171504771306533,1,0.201136803941221
0.258607752188307,1,0.16373624262038,1,0.205145379715949
0.216265182795062,1,0.167238634608177,1,0.222297295821067
0.28361468713868,0,0.16137380384221,1,0.19337724979941
0.164801989597881,1,0.170653516614834,1,0.220373038663489
0.195594289780484,1,0.168721230536555,1,0.221086146613456
0.231320942402677,1,0.166064968007568,1,0.224192549611753
0.232189485272852,1,0.165994848301732,1,0.211302642083397
0.270939616680652,1,0.162598529720028,1,0.202322116868488
0.0939447414328184,0,0.173845126793699,1,0.221686875100882
0.252168055917926,1,0.16430925237814,1,0.208560891285264
0.198126675532032,1,0.168547607320135,1,0.210599400114472
0.117583198873632,1,0.172974778615302,1,0.212443669231784
0.28365949519649,0,0.161369374725307,1,0.20550923429414
0.185983451337763,1,0.169359814669268,1,0.214032390134356
0.178881176551214,1,0.169811028226669,1,0.213384762627242
0.222645461055811,1,0.166750917450872,1,0.209299279912514
0.325296847948304,0,0.15695039412784,0,0.207035431396462
0.137381546504633,1,0.172096062097078,1,0.204283659554253
0.287739953510975,0,0.160963095473897,1,0.215366131115435
0.286661573367628,0,0.161071032157619,1,0.198383793203252
0.234587833839905,1,0.165799856456272,1,0.216161243155111
0.266291784790287,1,0.163033564923429,1,0.217058409431348
0.130540837266433,1,0.172415113441812,1,0.206457594749995
0.221594120766308,1,0.166832260538933,1,0.215845078387535
0.228476233727531,1,0.166292785831337,1,0.213350129539578
0.231175265477753,1,0.166076703104696,1,0.20647066064419
0.143368248701203,1,0.171803465488382,1,0.219771739964235
0.232229890570589,1,0.16599157987039,1,0.206423390463838
0.232986277369854,1,0.165930289717691,1,0.205305210657049
0.15204716829654,1,0.171357115853544,1,0.208150219950166
0.135494287022552,1,0.172185712354799,1,0.210824440969013
0.240451893697046,1,0.165314639716821,1,0.217768266826193
0.206291576632395,1,0.167972584033097,1,0.209449629852252
0.241328046711533,1,0.16524111271799,1,0.205395474152476
0.200780046091534,1,0.168363290265504,1,0.231786661188622
0.263711434796429,1,0.163271828036858,1,0.205363762365872
0.202532896579796,1,0.168240181438883,1,0.217215279702928
0.192778497922357,1,0.168911658951373,1,0.223968108091709
0.236493376301475,1,0.165643500095297,1,0.22508094584622
0.133451603233971,1,0.172281347462317,1,0.221385572943813
0.152016144257119,1,0.171358758133759,1,0.195605993699515
0.137668513683176,1,0.172082321651801,1,0.221289594182707
0.218184047664975,1,0.167093447132332,1,0.22258956252578
0.127869653990722,1,0.172535272316154,1,0.210662774355694
0.174849503074645,1,0.170059340145946,1,0.205352718218202
0.20627462018214,1,0.167973802302524,1,0.223019893956744
0.184619537289785,1,0.16944782948707,1,0.234116959374164
0.248263015819426,1,0.164649675115214,1,0.206352047460244
0.146702120270263,1,0.171635111557259,1,0.216002509389474
0.225735780560603,1,0.166509584232809,1,0.215656338222381
0.20877971835266,1,0.167792731710454,1,0.214075714706494
0.198770022083905,1,0.16850314255102,1,0.219528061856723
0.135545410410705,1,0.172183300197031,1,0.228941160674364
0.228121931011621,1,0.166320962350107,1,0.223083019726902
0.247440852022757,1,0.164720669101106,1,0.208671814906294
0.0993523950912487,0,0.173663187195277,1,0.209121635077397
0.252584537952406,1,0.164272631322621,1,0.217491720109121
0.1752722391702,1,0.170033569599351,1,0.209363399766344
0.177856594874988,1,0.169874669477823,1,0.202838591306221
0.254832923381807,1,0.16407388609421,1,0.210011320179075
0.146034481825017,1,0.171669136074416,1,0.21742974962899
0.171427869976321,1,0.170265634963347,1,0.222010301595523
0.261363654525951,1,0.163486596180233,1,0.219272579150019
0.275025112596132,1,0.162209898429012,1,0.199170293287442
0.140702530394376,1,0.171935293009731,1,0.211340183670767
0.181995715462837,1,0.169615323714034,1,0.204587431344292
0.286941871553683,0,0.1610430157719,1,0.208533980534785
0.157857686031807,1,0.171043618303552,1,0.219823058929781
0.286601030010637,0,0.161077079986938,1,0.215255942856253
0.232612681437413,1,0.165960587210919,1,0.217491575349287
0.233587578019287,1,0.165881423789988,1,0.213474845247278
0.0784460088692849,0,0.174310167181885,0,0.225990169043923
0.176474720767953,1,0.169959924150059,1,0.230629797558749
0.240114658408107,1,0.165342869189696,1,0.221706451571233
0.246237489445437,1,0.164824154274714,1,0.214862743071757
0.306640094332144,0,0.15900537592838,0,0.199655469757356
0.234176955892999,1,0.165833404354274,1,0.192730176424817
0.0976614502710763,0,0.173721172975401,1,0.209392243287964
0.211568948702882,1,0.167588548672567,1,0.206890000055164
0.170417568636385,1,0.170325767063488,1,0.211101810668405
0.264942778109263,1,0.163158418873404,1,0.208777888076198
0.228417281486571,1,0.166297477144826,1,0.204506552435729
0.105355969140285,0,0.173449269851242,1,0.213709699510755
0.158595387225022,1,0.1710029751368,1,0.221076068706351
0.236819715014302,1,0.165616595790803,1,0.213781322583576
0.159430576963465,1,0.170956732016578,1,0.224003215092073
0.225682654281088,1,0.166513761185231,1,0.202225708750033
0.158508334123162,1,0.171007781139519,1,0.218298132616868
0.176504379368533,1,0.16995810135342,1,0.213571042559388
0.215810180056583,1,0.167272873192754,1,0.210817313643071
0.103201673461234,0,0.173527474858701,1,0.22647674184704
0.215340874802078,1,0.167308112375331,1,0.198021421503518
0.297666501476541,0,0.159950446693633,1,0.205194944749243
0.205275262646619,1,0.168045426000556,1,0.199748312454117
0.211665953468121,1,0.167581398702858,1,0.219004100424928
0.216783383526511,1,0.167199552469442,1,0.210381322919713
0.244924493439927,1,0.16493649094991,1,0.209788345150347
0.143666678706844,1,0.171788553164812,1,0.225821209270554
0.217454097464766,1,0.167148828870947,1,0.216985580161009
0.168647473124917,1,0.170430263675907,1,0.222022815863344
0.109809416980726,0,0.173282477311968,1,0.207408044052233
0.225616097942079,1,0.166518992660931,1,0.210409078700915
0.200849150075853,1,0.168358457137981,1,0.218311410110995
0.199833994078356,1,0.168429289623526,1,0.222240597821278
0.22842187687808,1,0.166297111495397,1,0.214088350563264
0.217202152957328,1,0.167167900897786,1,0.219571792873758
0.229346145432178,1,0.166223418856487,1,0.221256485555675
0.206014441028262,1,0.167992482810919,1,0.220961736733337
0.251205774657889,1,0.16439363370828,1,0.206122385203923
0.184649932405069,1,0.169445875123219,1,0.215827451969014
0.109130878246385,0,0.173308336262245,1,0.214401015062051
0.279238675474876,1,0.161802977863245,1,0.201324401291713
0.110462602321651,0,0.173257433104856,1,0.216342768916259
0.149419720270854,1,0.171495013239345,1,0.219174214487989
0.238668155586566,1,0.165463503597743,1,0.208728814691693
0.18744647163773,1,0.169264683495507,1,0.209597122212701
0.240292982024095,1,0.165327946925412,1,0.215809952587886
0.165928395646011,1,0.170588655824082,1,0.224141445442705
0.223166382249204,1,0.166710470474541,1,0.199424689616282
0.261056958381784,1,0.163514509723304,1,0.200153339658511
0.190715996916554,1,0.169049389227636,1,0.215880929826349
0.0984899137185411,0,0.173692887763591,1,0.213503493700989
0.18570050400685,1,0.169378126873671,1,0.210847998181109
0.169162000530417,1,0.170400001412451,1,0.209532398260845
0.172041034039388,1,0.170228966591354,1,0.209463310073753
0.396688815100973,0,0.147961882302975,0,0.187820791845638
0.140436806503508,1,0.171948298140094,1,0.215043150790214
0.187771598876608,1,0.169243441137582,1,0.222906851579145
0.212000854905785,1,0.167556688761066,1,0.21662934665567
0.141430003199251,1,0.171899562981657,1,0.213653366700785
0.225234383688657,1,0.166548966398056,1,0.213331168834158
0.0721240264833453,0,0.174475843433304,0,0.215359692877348
0.241009706751009,1,0.165267858880447,1,0.207642852207924
0.21221233918918,1,0.167541064722109,1,0.214152339252753
0.0905706804962787,0,0.173953487783839,0,0.225631505201995
0.147055945914061,1,0.171617016760383,1,0.212823267981027
0.20267737181068,1,0.168229986642516,1,0.218671402098957
0.195064257306775,1,0.168757287170551,1,0.20270915259635
0.0635829704154638,0,0.174677575616479,0,0.244105247414754
0.240220641446916,1,0.165334001781208,1,0.205943442807592
0.257916226201706,1,0.163798469081484,1,0.215003507380574
0.163830505663848,1,0.170709101534845,1,0.208474409688948
0.198065236073928,1,0.16855184614649,1,0.211494345819509
0.273580266732451,1,0.162348005140098,1,0.211777541776255
0.0668129322308194,0,0.174604272870402,0,0.212194386029466
0.170623279117311,1,0.170313552229941,1,0.206353006628848
0.153583967702848,1,0.171275344483379,1,0.215701817989098
0.199943003169283,1,0.168421700739251,1,0.212127103933971
0.126490969628142,1,0.172596317762935,1,0.236029145863401
0.143696105820043,1,0.171787081033391,1,0.224321618195238
0.276061275775645,1,0.162110407016076,1,0.216672768626575
0.160293300014916,1,0.170908709193849,1,0.222048968289922
0.135630770511134,1,0.172179270617254,1,0.22418215113005
0.346590868491438,0,0.154456145429919,0,0.19710323603212
0.255756947722217,1,0.16399169561072,1,0.210076169697649
0.307853412566179,0,0.15887543281436,0,0.203640790465573
0.269935755143511,1,0.162693129505462,1,0.210314585753011
0.190234968885479,1,0.169081298163798,1,0.21564816667285
0.202975503706691,1,0.168208926160022,1,0.218487758729254
0.168177870614638,1,0.170457803117733,1,0.230720447396469
0.208693711745141,1,0.167798984621138,1,0.221116937516407
0.178073490037224,1,0.16986122770256,1,0.20767060924201
0.154151050612794,1,0.171244962779591,1,0.205371889566005
0.108855538542541,0,0.173318783659872,1,0.224231844594429
0.207632540643341,1,0.167875922318342,1,0.203723218253466
0.274309921587913,1,0.16227835164887,1,0.18941729909196
0.219864353235459,1,0.166965255009003,1,0.209479064028366
0.214857363093047,1,0.167344337943691,1,0.215022467886998
0.14345563405914,1,0.171799102120178,1,0.208727828613241
0.143708840619569,1,0.171786443864167,1,0.21617130565382
0.364801485335858,0,0.152197175961107,0,0.188177417437187
0.245086029834242,1,0.16492270275803,1,0.216754499837664
0.264902644537241,1,0.163162123602014,1,0.198964320772353
