"alfa","alfa_std","alfa_ordinal","omega","omega_ordinal","alfa_cobre","alfa_amplitude","alfa_std_cobre","alfa_std_amplitude","alfa_ordinal_cobre","alfa_ordinal_amplitude","omega_cobre","omega_amplitude","omega_ordinal_cobre","omega_ordinal_amplitude"
0.893795581817493,0.893677066781348,0.90871324360954,0.894392620221941,0.909200309164964,1,0.052,1,0.053,1,0.048,1,0.054,1,0.048
0.879505272126957,0.879809124883469,0.897236230152444,0.880237113623835,0.897514354429649,1,0.056,1,0.056,1,0.052,1,0.056,1,0.052
0.869795638141351,0.870032964912648,0.884180021247337,0.870414077560727,0.884439011585644,0,0.055,0,0.055,1,0.052,0,0.055,1,0.052
0.896322045738745,0.896813964138573,0.906973507841475,0.897261891220208,0.90729243264302,1,0.042,1,0.041,1,0.041,1,0.041,1,0.041
0.877768875293913,0.877660317850081,0.894394591639271,0.87862906445626,0.895088438597204,1,0.055,1,0.055,1,0.052,1,0.054,1,0.052
0.873396555319497,0.873484230649745,0.886400920798384,0.873623980449535,0.886579563766767,0,0.055,0,0.056,1,0.051,0,0.056,1,0.051
0.868719006186189,0.868629219821373,0.882928266718598,0.868981985963758,0.883312995499391,0,0.057,0,0.056,1,0.052,0,0.057,1,0.053
0.9015916231003,0.901732480689243,0.915359090112829,0.902029713370979,0.915667170486523,1,0.042,1,0.042,1,0.038,1,0.041,1,0.037
0.887306942903457,0.887474773625629,0.903768318235869,0.887539085340144,0.903783983456086,1,0.05,1,0.05,1,0.047,1,0.05,1,0.047
0.888579624812866,0.888720441946482,0.904179211970283,0.88894099497207,0.904387039798843,1,0.046,1,0.046,1,0.043,1,0.046,1,0.043
0.868519552255542,0.868289556841425,0.888846479591951,0.868893292960342,0.8892645501849,0,0.063,0,0.063,1,0.058,0,0.061,1,0.058
0.888115020082398,0.888045136863334,0.901128523642735,0.888363008570082,0.901400324848904,1,0.05,1,0.05,1,0.047,1,0.049,1,0.048
0.874832663186381,0.875514064171565,0.889990553450291,0.875897720177235,0.890402882615157,0,0.057,0,0.056,1,0.054,0,0.056,1,0.054
0.881871237913557,0.881933821259606,0.896567924402117,0.882242989012891,0.896838122687254,1,0.054,1,0.054,1,0.05,1,0.055,1,0.051
0.878089455633974,0.878252571347817,0.889470955870066,0.878329525269654,0.889576597873519,1,0.053,1,0.052,1,0.05,1,0.052,1,0.049
0.871952843986833,0.872046840967228,0.890502481310692,0.872987502951867,0.891307724740541,0,0.058,0,0.058,1,0.053,0,0.057,1,0.052
0.870872191687587,0.870880999252593,0.887212180125881,0.871494353101456,0.887751213892452,0,0.061,0,0.061,1,0.055,0,0.06,1,0.055
0.87974625165887,0.879804229361935,0.892682225024325,0.880260845936795,0.893159525344832,1,0.05,1,0.049,1,0.047,1,0.049,1,0.046
0.893802867249726,0.893932198096599,0.90975234170854,0.894298257008506,0.910037875089204,1,0.049,1,0.048,1,0.045,1,0.048,1,0.044
0.892406063999188,0.892242281544294,0.904504490836721,0.893631793721175,0.905775847118679,1,0.045,1,0.046,1,0.043,1,0.044,1,0.041
0.902902326183651,0.902984037030408,0.91281250686562,0.903122174942948,0.9129615280599,1,0.041,1,0.042,1,0.039,1,0.041,1,0.039
0.868938945608827,0.869147230494322,0.884713757509655,0.869417068814399,0.884968578152788,0,0.056,0,0.056,1,0.054,0,0.056,1,0.053
0.884166087044691,0.884345312194935,0.900417356232173,0.884496759690643,0.90053669652859,1,0.053,1,0.053,1,0.051,1,0.053,1,0.051
0.905898674689208,0.905828137458163,0.91671160131007,0.906339340614237,0.917105513525527,1,0.037,1,0.037,1,0.035,1,0.037,1,0.035
0.90278713297283,0.902833326473714,0.915895222608043,0.903189627542141,0.9162191822141,1,0.044,1,0.045,1,0.041,1,0.044,1,0.041
0.882485211951744,0.882621944749059,0.895227583504066,0.883071895184084,0.895696666762765,1,0.052,1,0.053,1,0.052,1,0.052,1,0.051
0.887169359505116,0.887183040527213,0.906029013057441,0.887425321235355,0.90616052830508,1,0.052,1,0.053,1,0.048,1,0.054,1,0.048
0.868568782533801,0.869197449103193,0.889343387868927,0.869420055414707,0.88950425477536,0,0.058,0,0.059,1,0.051,0,0.059,1,0.051
0.865572949284851,0.865605511598074,0.87984785485148,0.865970533979704,0.880125771763411,0,0.059,0,0.06,1,0.057,0,0.058,1,0.056
0.874334862757821,0.874444708177481,0.889912706773531,0.874534088271237,0.889974258760773,0,0.051,0,0.051,1,0.048,0,0.05,1,0.047
0.887773911329808,0.887713529822808,0.901370693458924,0.888113786190804,0.901813516290442,1,0.049,1,0.049,1,0.045,1,0.047,1,0.045
0.850352561541301,0.850259444307612,0.86608524500847,0.850827590535611,0.866797488511346,0,0.069,0,0.069,0,0.063,0,0.068,0,0.064
0.861273746807152,0.861218136623218,0.87743867287893,0.861990338888665,0.87785063577635,0,0.061,0,0.061,1,0.059,0,0.061,1,0.058
0.88957233020276,0.889734156764894,0.904588501562121,0.890007389474933,0.904740631591036,1,0.05,1,0.049,1,0.046,1,0.049,1,0.046
0.90310876901232,0.903228496990841,0.914579990961231,0.903256227522664,0.914646413237154,1,0.043,1,0.043,1,0.039,1,0.043,1,0.04
0.883878226227394,0.88389676405969,0.900443159728445,0.884658346338157,0.901191323388263,1,0.052,1,0.052,1,0.046,1,0.051,1,0.045
0.864134491306298,0.864223172743817,0.884451681460149,0.864594552715741,0.884789915347003,0,0.067,0,0.066,1,0.063,0,0.067,1,0.063
0.887016955217582,0.88718243233734,0.902005425508057,0.887622996538437,0.902540911122848,1,0.049,1,0.048,1,0.046,1,0.048,1,0.046
0.894167024194359,0.894461094638028,0.906642838989887,0.894603141936277,0.906799261599815,1,0.049,1,0.049,1,0.045,1,0.049,1,0.046
0.875601788170564,0.875748367194709,0.89248785873233,0.876075730420485,0.892653325297028,0,0.057,0,0.057,1,0.053,0,0.056,1,0.052
0.882635109098582,0.882784304386057,0.905374293067504,0.88355568533252,0.905847473135974,1,0.054,1,0.053,1,0.048,1,0.052,1,0.046
0.869746070907767,0.869467576372604,0.884902940856197,0.87019498859532,0.885537074879276,0,0.052,0,0.053,1,0.05,0,0.053,1,0.05
0.88607917200712,0.885976157631815,0.903751709762674,0.886244565636373,0.90396033908662,1,0.056,1,0.058,1,0.054,1,0.057,1,0.054
0.891393380097503,0.8916124815729,0.906525511115322,0.892236051031333,0.90700526944407,1,0.047,1,0.047,1,0.044,1,0.046,1,0.043
0.883512308888685,0.883659115143923,0.901471898372048,0.884063494525854,0.901803794978362,1,0.05,1,0.05,1,0.047,1,0.05,1,0.047
0.862094772054622,0.862567142722118,0.880907214548579,0.863077110912399,0.881244420068063,0,0.064,0,0.063,1,0.058,0,0.063,1,0.058
0.879320321162632,0.879357528241755,0.897739265928362,0.879939488461621,0.89828083597579,1,0.056,1,0.056,1,0.05,1,0.055,1,0.05
0.873500686432717,0.8735920864168,0.890764459275323,0.873660714404529,0.890856584091158,0,0.056,0,0.056,1,0.053,0,0.056,1,0.054
0.879101010891053,0.8794669603791,0.894575196038889,0.879567309489104,0.894668337645661,1,0.053,1,0.052,1,0.049,1,0.053,1,0.05
0.867312899623105,0.867215119766742,0.886464339817314,0.867718582644552,0.886945375284555,0,0.059,0,0.059,1,0.054,0,0.058,1,0.053
0.896211770491758,0.89622003564394,0.911924855733859,0.896457436950913,0.912194166969013,1,0.05,1,0.049,1,0.046,1,0.049,1,0.046
0.883158891644734,0.882977692765078,0.894945719826755,0.88334891000459,0.895233286177293,1,0.05,1,0.05,1,0.047,1,0.049,1,0.046
0.880721778408242,0.880942771452558,0.896608055036732,0.881438569710803,0.897059175550229,1,0.051,1,0.051,1,0.048,1,0.051,1,0.048
0.895342782392238,0.895285387626962,0.911763162829624,0.895698038621799,0.912227923542868,1,0.049,1,0.049,1,0.044,1,0.049,1,0.043
0.876267885982634,0.876140405249185,0.895816801796312,0.876477194651475,0.896137801609039,1,0.058,1,0.058,1,0.053,1,0.058,1,0.054
0.890173154920789,0.889832081952368,0.904350243954363,0.890733236803561,0.905014975051988,1,0.048,1,0.048,1,0.045,1,0.048,1,0.044
0.876901821093697,0.877145648094986,0.895400400492309,0.877298096499179,0.895473980867208,1,0.057,1,0.057,1,0.052,1,0.056,1,0.052
0.8846845455949,0.884997875783248,0.898448615596272,0.885145178254296,0.89859059182158,1,0.049,1,0.049,1,0.044,1,0.048,1,0.044
0.866667338059942,0.866735074501308,0.883887786950754,0.867105866046597,0.88417420623158,0,0.058,0,0.058,1,0.053,0,0.057,1,0.052
0.889962728234669,0.8902204119953,0.905638478270093,0.890417411727815,0.905786752299372,1,0.053,1,0.054,1,0.048,1,0.054,1,0.049
0.898412987138917,0.89843286232499,0.909511510328229,0.898518168382746,0.909587073756523,1,0.043,1,0.043,1,0.041,1,0.043,1,0.04
0.870096517480587,0.870560487081014,0.888214300509703,0.871478783379855,0.888918496614794,0,0.063,0,0.063,1,0.058,0,0.061,1,0.057
0.889514326628876,0.889706617778566,0.899711593353826,0.889793675629118,0.899793782019353,1,0.046,1,0.046,1,0.044,1,0.046,1,0.043
0.896388004033158,0.896489920753944,0.910248858240153,0.896686631887314,0.91041264512004,1,0.043,1,0.043,1,0.041,1,0.043,1,0.041
0.884250919004653,0.884182846462657,0.901178078355214,0.884397950690008,0.901348522351358,1,0.053,1,0.053,1,0.049,1,0.052,1,0.049
0.896261634141111,0.896327500701605,0.908680072523338,0.897108601433983,0.909336750890457,1,0.046,1,0.046,1,0.043,1,0.046,1,0.042
0.88362933296506,0.883677483506581,0.898340296645163,0.884094402385875,0.898732756805718,1,0.05,1,0.05,1,0.049,1,0.05,1,0.047
0.911017091310753,0.911019816165338,0.92429359862503,0.911377048561701,0.924518024995113,1,0.036,1,0.037,0,0.034,1,0.036,0,0.033
0.87702008452561,0.877068032692703,0.891084970709067,0.877301042079796,0.891415227643149,1,0.054,1,0.054,1,0.052,1,0.054,1,0.051
0.847086504281445,0.847301038193028,0.8655951509816,0.848096218411038,0.866246833645266,0,0.072,0,0.073,0,0.07,0,0.074,0,0.069
0.871736193124519,0.871781098335669,0.886602381339491,0.872363870589148,0.887170913567509,0,0.057,0,0.057,1,0.052,0,0.056,1,0.051
0.873996072236001,0.873910820020427,0.888971040964613,0.874497057939878,0.889454113408184,0,0.054,0,0.054,1,0.053,0,0.054,1,0.053
0.875603823220727,0.876013264089773,0.893211487829918,0.876548049454208,0.893540448351483,1,0.055,1,0.055,1,0.05,1,0.054,1,0.05
0.877407688101382,0.877479052210779,0.893230407814278,0.877652223190894,0.893367017138147,1,0.056,1,0.056,1,0.051,1,0.056,1,0.052
0.878577275850282,0.878764255605737,0.897541293107369,0.878958402234356,0.897730969779126,1,0.056,1,0.055,1,0.05,1,0.055,1,0.051
0.893025984724865,0.893129912284515,0.907772700289446,0.893403672900305,0.908019118928224,1,0.044,1,0.044,1,0.041,1,0.045,1,0.041
0.884706592482157,0.884979727777241,0.902540783718385,0.885547833174135,0.902920200093573,1,0.052,1,0.052,1,0.049,1,0.051,1,0.048
0.885691830644461,0.88572802651687,0.903304686072751,0.885929805045078,0.903505306999403,1,0.052,1,0.053,1,0.048,1,0.053,1,0.048
0.876695543429105,0.876698135762689,0.894813493574321,0.877138942894992,0.895164144989389,1,0.055,1,0.055,1,0.052,1,0.054,1,0.051
0.889481502430501,0.889793514295318,0.907273152925553,0.889929337780334,0.907417353664473,1,0.051,1,0.051,1,0.047,1,0.05,1,0.046
0.879115947416192,0.87978793620994,0.901055192996533,0.880011821230494,0.901206852519707,1,0.054,1,0.054,1,0.051,1,0.054,1,0.051
0.908428364465749,0.908419176149929,0.923289182701658,0.908749389243361,0.923615122133947,1,0.039,1,0.039,0,0.036,1,0.039,0,0.037
0.892267322008876,0.892378595928778,0.908569967685164,0.892475013214453,0.908676836702621,1,0.051,1,0.051,1,0.046,1,0.05,1,0.046
0.887272270840335,0.887121600942006,0.90334598010459,0.887685239428243,0.903791023878608,1,0.049,1,0.049,1,0.046,1,0.049,1,0.046
0.887673076862984,0.887761882880173,0.902677741788906,0.887861004023826,0.902771125697945,1,0.052,1,0.052,1,0.046,1,0.052,1,0.046
0.882311002082133,0.882786487904355,0.895271188408084,0.883186295206536,0.895554795620645,1,0.05,1,0.05,1,0.047,1,0.049,1,0.046
0.890746658919233,0.891047894933148,0.906490158631879,0.891562634370736,0.906894381842176,1,0.049,1,0.05,1,0.046,1,0.049,1,0.046
0.870117389621521,0.870370287330796,0.886911165243282,0.871540426357433,0.887974875899204,0,0.057,0,0.057,1,0.053,0,0.057,1,0.053
0.893253976612091,0.893247899967388,0.90669505988094,0.893779974344915,0.907190566216339,1,0.045,1,0.045,1,0.043,1,0.044,1,0.041
0.89001324227352,0.88994871290415,0.901449812182745,0.890199391995779,0.901654995961569,1,0.055,1,0.055,1,0.053,1,0.054,1,0.052
0.867639379082968,0.867801094969531,0.880069736392657,0.867930357273925,0.88022608857913,0,0.058,0,0.058,1,0.057,0,0.059,1,0.056
0.89641444714025,0.896597109474136,0.912293825370495,0.89671831987397,0.912351407367503,1,0.048,1,0.048,1,0.044,1,0.047,1,0.044
0.924832244556734,0.92492236850241,0.936426278068062,0.925040904911011,0.936587084762411,0,0.032,0,0.032,0,0.03,0,0.032,0,0.03
0.892617317111708,0.892676184421641,0.908551260187301,0.893355899342043,0.909018206739735,1,0.05,1,0.05,1,0.048,1,0.049,1,0.047
0.897962028239641,0.898198630474535,0.912339269847091,0.898535413968345,0.912620414885681,1,0.045,1,0.045,1,0.043,1,0.045,1,0.042
0.87519567206884,0.875187725097853,0.889336562010773,0.876115718463643,0.890146549722319,1,0.057,0,0.057,1,0.054,0,0.057,1,0.054
0.858637621682715,0.85857803355058,0.876149319468744,0.85901388600303,0.876635254249848,0,0.065,0,0.066,1,0.061,0,0.066,1,0.061
0.898110725096313,0.898206953809511,0.913508645123884,0.898322187339691,0.913600100062629,1,0.043,1,0.044,1,0.04,1,0.043,1,0.04
0.886446586209171,0.886307772158792,0.900124025229647,0.886787634552836,0.900680519525257,1,0.051,1,0.052,1,0.049,1,0.051,1,0.048
0.88443737265597,0.884348422179383,0.9014574993615,0.885199779361865,0.902059959995843,1,0.051,1,0.051,1,0.047,1,0.05,1,0.046
0.904404585769556,0.904376173192595,0.91674502708376,0.904763226426847,0.91711461159078,1,0.039,1,0.04,1,0.037,1,0.039,1,0.036
0.895345910858095,0.895682716067631,0.909022511465664,0.895940456575822,0.909203774894743,1,0.046,1,0.046,1,0.044,1,0.046,1,0.044
0.906356053725921,0.906486130974662,0.919346386885632,0.906884912941088,0.919719876495816,1,0.04,1,0.04,1,0.037,1,0.04,1,0.036
0.870356152110274,0.870640887998976,0.886746874519265,0.870710027286805,0.886823029617515,0,0.061,0,0.06,1,0.057,0,0.06,1,0.056
0.882637977843373,0.882584708418613,0.899684314122956,0.883024160502038,0.900014617145144,1,0.055,1,0.056,1,0.052,1,0.056,1,0.051
0.889348697998477,0.88944465445106,0.908802096519894,0.889808163196076,0.909010817063686,1,0.053,1,0.052,1,0.049,1,0.052,1,0.049
0.892073556829774,0.891975883086993,0.905619711997376,0.892615166397545,0.906161683963595,1,0.046,1,0.047,1,0.043,1,0.047,1,0.043
0.878445127631824,0.878498392240761,0.895216246493083,0.878556900934714,0.89525067637896,1,0.057,1,0.059,1,0.053,1,0.059,1,0.053
0.88134102394808,0.881659033853816,0.896449012631735,0.881672817987759,0.896499478569884,1,0.049,1,0.049,1,0.046,1,0.049,1,0.046
0.880212779880416,0.880199612973485,0.896038533823862,0.880339597989455,0.896151711083465,1,0.052,1,0.052,1,0.049,1,0.053,1,0.049
0.887581773331107,0.887541683104086,0.899382682661788,0.887750401536344,0.899633466829997,1,0.049,1,0.049,1,0.048,1,0.048,1,0.047
0.876739744187195,0.877042180520535,0.894517155299864,0.877365905329113,0.89483772374482,1,0.058,1,0.058,1,0.053,1,0.057,1,0.053
0.885643245454988,0.885573385807466,0.899300611572338,0.886181491417032,0.899874677881146,1,0.047,1,0.048,1,0.047,1,0.046,1,0.045
0.868449257972001,0.868610245254312,0.886107548776718,0.868878237264423,0.886276419833133,0,0.057,0,0.057,1,0.056,0,0.056,1,0.055
0.877035581438501,0.877070935119213,0.894418192224816,0.877637216990114,0.894844185085182,1,0.059,1,0.058,1,0.056,1,0.057,1,0.055
0.884763231434832,0.884814781099164,0.899697633588886,0.884913226003765,0.89980769287757,1,0.053,1,0.053,1,0.05,1,0.055,1,0.049
0.880979571214418,0.881123901950457,0.89876295100658,0.881221695431102,0.898847929539552,1,0.056,1,0.056,1,0.052,1,0.056,1,0.052
0.842505310674456,0.842623217322537,0.856260037523335,0.843436003622474,0.856793107940253,0,0.068,0,0.069,0,0.065,0,0.067,0,0.064
0.880321376385473,0.880343338599187,0.893946822368599,0.880695882222618,0.894230838836059,1,0.052,1,0.052,1,0.049,1,0.052,1,0.049
0.872537610924312,0.872531236127402,0.886413387903945,0.872848275477574,0.886658687819966,0,0.055,0,0.055,1,0.05,0,0.056,1,0.049
0.892069274115317,0.892303843119019,0.905161153106261,0.892365042177637,0.905228614471461,1,0.05,1,0.049,1,0.046,1,0.049,1,0.046
0.897663584637269,0.897750353228617,0.909954767907282,0.897806008447305,0.910018117317257,1,0.042,1,0.043,1,0.039,1,0.043,1,0.039
0.889427952582793,0.889453392163531,0.904016568280496,0.889818410306546,0.904432697131231,1,0.049,1,0.049,1,0.045,1,0.048,1,0.045
0.874112568908876,0.875017090536126,0.893054430986411,0.875751106263459,0.893734646063294,1,0.058,1,0.058,1,0.053,1,0.057,1,0.052
0.871220110711397,0.871330519404904,0.886075137526957,0.871483474494735,0.886197693813493,0,0.058,0,0.058,1,0.056,0,0.058,1,0.055
0.892919440572058,0.893178935504199,0.912027718521805,0.893937825483746,0.912416553962631,1,0.05,1,0.05,1,0.045,1,0.048,1,0.044
0.907121425745388,0.907075838398257,0.917520007300159,0.907287569930817,0.917742546097869,1,0.041,1,0.041,1,0.038,1,0.041,1,0.038
0.862191145569162,0.862169238388682,0.874383166345254,0.862528379884692,0.874769146938574,0,0.058,0,0.058,0,0.056,0,0.056,0,0.055
0.876394440999639,0.876414064507594,0.894136943824071,0.876669928866345,0.894374563973687,1,0.056,1,0.056,1,0.052,1,0.055,1,0.052
0.884241695674136,0.884288551609427,0.897100068962519,0.884674857394181,0.89748860622784,1,0.053,1,0.053,1,0.049,1,0.052,1,0.049
0.872423405741923,0.872189175994584,0.886696805723653,0.872968796812813,0.887479735409657,0,0.055,0,0.056,1,0.054,0,0.055,1,0.052
0.877469129268784,0.877309888628332,0.894815827308851,0.878229289164638,0.895567766390577,1,0.053,1,0.054,1,0.051,1,0.052,1,0.051
0.877445226174953,0.877860889852517,0.897014029904239,0.878038441699836,0.897137698409994,1,0.058,1,0.058,1,0.052,1,0.057,1,0.051
0.864025845657747,0.863941565542902,0.88317773721205,0.864151133043133,0.883384110537199,0,0.061,0,0.061,1,0.057,0,0.063,1,0.057
0.896234641537917,0.896330891260726,0.912497015574218,0.89655353724177,0.912585975199961,1,0.045,1,0.045,1,0.042,1,0.044,1,0.043
0.882180010979103,0.882562013438701,0.898802316199466,0.88278424209946,0.898993609192219,1,0.053,1,0.053,1,0.05,1,0.053,1,0.05
0.880321710218916,0.880447751809353,0.900386047875957,0.880682989571429,0.900598633550601,1,0.056,1,0.057,1,0.051,1,0.056,1,0.051
0.891554288221101,0.891887391378111,0.907043598722394,0.891917269540387,0.907081563251447,1,0.048,1,0.048,1,0.045,1,0.049,1,0.045
0.893345108940431,0.893443177056412,0.90601054071317,0.893582095429551,0.90620173069832,1,0.045,1,0.045,1,0.042,1,0.045,1,0.041
0.877909297537093,0.877960152224705,0.895974795926306,0.878491453994561,0.896485988118759,1,0.06,1,0.06,1,0.057,1,0.06,1,0.057
0.905318132121936,0.905223998324008,0.919733659812819,0.905586134793217,0.92011890305552,1,0.044,1,0.044,1,0.041,1,0.044,1,0.04
0.871488011383413,0.871613058952545,0.889758902042647,0.871922998457057,0.889869318901151,0,0.06,0,0.06,1,0.056,0,0.06,1,0.055
0.890697668798745,0.890618178269625,0.906798402778193,0.891079025292147,0.907174045397803,1,0.049,1,0.05,1,0.045,1,0.049,1,0.044
0.885906446921958,0.885994719522398,0.901941005365304,0.886100970831527,0.902036093763097,1,0.055,1,0.055,1,0.052,1,0.055,1,0.051
0.871023924858962,0.871106033649809,0.887959024708089,0.871267375442155,0.888187047763098,0,0.058,0,0.058,1,0.056,0,0.058,1,0.055
0.878208345263161,0.878303021293855,0.897628179750191,0.878907649251018,0.898018920282606,1,0.057,1,0.057,1,0.052,1,0.057,1,0.052
0.883617533632922,0.883604925500821,0.89525835837596,0.884411526934577,0.895907798521232,1,0.05,1,0.051,1,0.049,1,0.049,1,0.049
0.867223452245436,0.867286044290245,0.884589627431449,0.868106260191962,0.885102886602486,0,0.057,0,0.058,1,0.056,0,0.056,1,0.055
0.881059877989183,0.88095987469249,0.89691889069851,0.881492059337317,0.897358727948455,1,0.052,1,0.053,1,0.049,1,0.053,1,0.048
0.891141941432763,0.89113935086968,0.907874013534613,0.8912957304929,0.907983827733827,1,0.046,1,0.046,1,0.042,1,0.046,1,0.042
0.894641801836641,0.894591270860617,0.907673187041729,0.895371532732215,0.908415858973592,1,0.048,1,0.048,1,0.047,1,0.047,1,0.046
0.863526408530615,0.863426705600283,0.885245010361873,0.864556315294719,0.886325865171679,0,0.061,0,0.06,1,0.057,0,0.059,1,0.055
0.888648838676051,0.888804566704094,0.905584837150666,0.889703809707541,0.906305323531688,1,0.049,1,0.049,1,0.045,1,0.047,1,0.044
0.877028053069054,0.876922038030629,0.893033961058451,0.877555090546962,0.89362361464956,0,0.053,0,0.054,1,0.05,0,0.053,1,0.049
0.892425242984927,0.892469632988636,0.908911907769282,0.892755512708643,0.909129465702718,1,0.049,1,0.049,1,0.046,1,0.048,1,0.045
0.879836032491168,0.879958744003611,0.901057980028807,0.880247198654425,0.901295011517845,1,0.058,1,0.057,1,0.052,1,0.056,1,0.052
0.859928438883107,0.860001434009024,0.877635375374195,0.860486031556527,0.878060269988761,0,0.06,0,0.06,1,0.056,0,0.058,1,0.056
0.893448626639004,0.893447229181214,0.908382444437372,0.893620706974285,0.908515557595751,1,0.048,1,0.048,1,0.044,1,0.047,1,0.044
0.897225150535137,0.897305097591505,0.916152728229818,0.897353355664003,0.916205287823582,1,0.047,1,0.047,1,0.043,1,0.047,1,0.043
0.892113179175729,0.891908622475493,0.907510337467094,0.892815082474585,0.908222199721295,1,0.049,1,0.05,1,0.047,1,0.048,1,0.046
0.888147710122415,0.888100062874325,0.902453204904607,0.889023497496757,0.903132723470237,1,0.052,1,0.051,1,0.045,1,0.051,1,0.044
0.89321714682151,0.893645921762008,0.90763428431063,0.893798384769825,0.907791317353022,1,0.044,1,0.044,1,0.04,1,0.043,1,0.039
0.889252664217709,0.889504370512957,0.90822327942669,0.889544546494807,0.908246930562629,1,0.052,1,0.051,1,0.047,1,0.051,1,0.047
0.893612315392478,0.893793959148501,0.911382770724988,0.894506221320256,0.911995282450542,1,0.048,1,0.048,1,0.044,1,0.048,1,0.043
0.880118020128771,0.880706430970959,0.896323122287552,0.880941562731819,0.896506821794247,1,0.054,1,0.053,1,0.05,1,0.053,1,0.051
0.89898348826798,0.899145490077641,0.913358595383583,0.899161136221436,0.913401808753955,1,0.044,1,0.044,1,0.04,1,0.044,1,0.04
0.863900063948523,0.86398765780839,0.881408125879277,0.864438049089918,0.881700246459496,0,0.06,0,0.06,1,0.055,0,0.06,1,0.055
0.868827165527037,0.869191532621716,0.889111726832134,0.869474971470097,0.889423797343689,0,0.06,0,0.06,1,0.057,0,0.06,1,0.056
0.880650055976192,0.881129127576074,0.897554660326821,0.881920418810258,0.898095494018821,1,0.053,1,0.053,1,0.049,1,0.051,1,0.048
0.897002881902109,0.897226835638733,0.90865765967826,0.897363576874315,0.90871812233092,1,0.045,1,0.045,1,0.043,1,0.045,1,0.042
0.880653849102898,0.880681737747689,0.894255485967111,0.880974207515369,0.894526233238659,1,0.051,1,0.051,1,0.049,1,0.05,1,0.049
0.886423658996061,0.887026593880511,0.902924035731974,0.887401106303964,0.903136955405081,1,0.052,1,0.052,1,0.049,1,0.051,1,0.048
0.89857195293948,0.898948724347305,0.911665377340758,0.899416357594583,0.912010152695809,1,0.045,1,0.044,1,0.043,1,0.043,1,0.042
0.91630457691252,0.916267334247704,0.931081497079363,0.916537671941749,0.931303004500611,1,0.04,1,0.04,0,0.036,1,0.039,0,0.036
0.88978323655129,0.889719054117325,0.905954827002357,0.890131385988986,0.9062095742438,1,0.051,1,0.051,1,0.047,1,0.051,1,0.047
0.894992991063606,0.89515447148165,0.911209664093968,0.89609255407865,0.911984367087603,1,0.044,1,0.044,1,0.04,1,0.043,1,0.04
0.876872023249909,0.877289925835237,0.888026962172903,0.877832704803298,0.888399178256524,0,0.048,0,0.048,1,0.044,0,0.047,1,0.044
0.87910182202686,0.879096186618434,0.894705821922646,0.879149070756824,0.894813005551287,1,0.05,1,0.05,1,0.046,1,0.049,1,0.046
0.900145840433846,0.900057401775534,0.914631689277417,0.900364583658475,0.914895831245506,1,0.045,1,0.046,1,0.043,1,0.046,1,0.043
0.898887124968551,0.898853389260687,0.913747312957734,0.898940152056805,0.913852482421676,1,0.046,1,0.047,1,0.042,1,0.047,1,0.041
0.904109190414269,0.903928515282171,0.918203788000094,0.904432886383853,0.918603423294411,1,0.04,1,0.04,1,0.037,1,0.04,1,0.037
0.879166369429444,0.878885867975751,0.891934261846297,0.879711865927983,0.892919834915979,1,0.05,1,0.05,1,0.048,1,0.049,1,0.047
0.874924789167705,0.874862391822682,0.888786225495124,0.875139670382347,0.889138906618166,0,0.052,0,0.052,1,0.048,0,0.052,1,0.049
0.905908226264418,0.906118567130828,0.920810107464557,0.906182793494934,0.920894115842541,1,0.041,1,0.041,0,0.037,1,0.041,0,0.037
0.892706558590187,0.892628546127431,0.906941641948738,0.892810131334369,0.907249263639498,1,0.046,1,0.046,1,0.044,1,0.046,1,0.044
0.888845584167857,0.888704127997052,0.903270988436825,0.889555376384505,0.903967426004337,1,0.046,1,0.046,1,0.043,1,0.046,1,0.043
0.898412473010099,0.898921391184279,0.916586075912259,0.899299010048659,0.916933983092239,1,0.044,1,0.044,1,0.04,1,0.044,1,0.039
0.864103457900249,0.864194917978011,0.882280668693533,0.864580916705433,0.882573977285484,0,0.061,0,0.06,1,0.056,0,0.059,1,0.056
0.90209786977963,0.90198543671034,0.919902319359998,0.902552372828967,0.920323155878093,1,0.045,1,0.046,1,0.041,1,0.046,1,0.04
0.871256952936707,0.871527220989717,0.888031820442744,0.871859356153564,0.8883211662259,0,0.058,0,0.059,1,0.053,0,0.058,1,0.053
0.884285594835884,0.88431779027248,0.900327386017285,0.885093058301035,0.901108040909101,1,0.056,1,0.056,1,0.051,1,0.055,1,0.05
0.886231993664973,0.886172254722107,0.897665904694264,0.886475280942746,0.897941465458923,1,0.048,1,0.049,1,0.045,1,0.047,1,0.045
0.883455612269236,0.883414531632466,0.899032531335938,0.8835859780046,0.899183368749431,1,0.052,1,0.053,1,0.049,1,0.052,1,0.049
0.901377602503341,0.901565917192645,0.916286473821894,0.902197251473149,0.916837585274508,1,0.042,1,0.042,1,0.039,1,0.042,1,0.038
0.883496297728754,0.883442585092416,0.902405228195016,0.883789916159391,0.902697894183569,1,0.054,1,0.055,1,0.05,1,0.055,1,0.05
0.870638638638639,0.870684790201727,0.88383129746746,0.870766134897397,0.88392861571931,0,0.054,0,0.054,1,0.05,0,0.055,1,0.05
0.880692869292369,0.880635808379043,0.897107633347669,0.88105098347565,0.897478536187329,1,0.051,1,0.051,1,0.047,1,0.05,1,0.047
0.880428140277362,0.880626861070346,0.895265709969811,0.880953760584539,0.895648638123369,1,0.055,1,0.055,1,0.051,1,0.055,1,0.051
0.902775936380092,0.902735312918966,0.91728351213406,0.903051067092296,0.917593585098362,1,0.044,1,0.045,1,0.043,1,0.044,1,0.043
0.880208302717509,0.880020077741998,0.897414784156008,0.880411991760775,0.897733534589029,1,0.052,1,0.053,1,0.05,1,0.052,1,0.05
0.898785285964624,0.899057775938224,0.914004907688011,0.899576306393901,0.91429004904636,1,0.044,1,0.044,1,0.041,1,0.042,1,0.04
0.878336359064128,0.878545750288481,0.896408865980719,0.878945743008818,0.896665662556595,1,0.053,1,0.053,1,0.049,1,0.052,1,0.049
0.88557999264851,0.885548078366227,0.902770735738119,0.885789590117297,0.903199779688624,1,0.049,1,0.049,1,0.045,1,0.049,1,0.045
0.902468137568848,0.902688734171705,0.918210539521875,0.902886514553574,0.918440600333849,1,0.042,1,0.043,1,0.039,1,0.043,1,0.039
0.901723923892163,0.901890961638755,0.910911479296712,0.902061879120966,0.91104596879656,1,0.042,1,0.042,1,0.04,1,0.042,1,0.04
0.872989699664532,0.873176744302472,0.891622783970698,0.87349987182942,0.891818932588539,0,0.061,0,0.06,1,0.056,0,0.06,1,0.056
0.885866567829074,0.885998648416186,0.895304101312775,0.886492614776043,0.895827221955039,1,0.049,1,0.05,1,0.049,1,0.049,1,0.048
0.89117767542869,0.891148695201257,0.906170938247004,0.891607063707363,0.906446001957978,1,0.052,1,0.052,1,0.048,1,0.051,1,0.048
0.878963426636022,0.8792051175695,0.894359487660566,0.879413812714578,0.894665441537087,1,0.055,1,0.055,1,0.051,1,0.054,1,0.05
0.873493576299129,0.874060505093975,0.888672235531626,0.874160862675005,0.888840655246678,0,0.056,0,0.057,1,0.05,0,0.056,1,0.05
0.899083774303688,0.899076574294557,0.910544472074005,0.899301323605222,0.910732029422453,1,0.043,1,0.043,1,0.041,1,0.043,1,0.041
0.874206605563855,0.874359546428624,0.889536174159751,0.87457110684921,0.889751693037334,0,0.055,0,0.056,1,0.052,0,0.056,1,0.052
0.872909404442361,0.872859159748559,0.889001359836092,0.873059641711099,0.889216863652659,0,0.056,0,0.056,1,0.051,0,0.055,1,0.051
0.893289482179925,0.893321027719185,0.911042361044368,0.893454058131401,0.911186313345462,1,0.051,1,0.051,1,0.046,1,0.051,1,0.046
0.883416206190461,0.883170636821982,0.895555975605462,0.88439263302755,0.896932634445449,1,0.048,1,0.048,1,0.044,1,0.047,1,0.043
0.871453491253283,0.871605976015038,0.886751291537203,0.872007780782551,0.887075628962832,0,0.057,0,0.056,1,0.052,0,0.056,1,0.053
0.890117821445396,0.890107853385518,0.908616138228769,0.890529798783735,0.908910999856541,1,0.047,1,0.047,1,0.043,1,0.046,1,0.043
0.892886290550112,0.892963483450466,0.908630770224171,0.893073227755175,0.908808803693994,1,0.048,1,0.048,1,0.044,1,0.047,1,0.045
0.882656251458223,0.882712052765958,0.89599337085177,0.882827349128086,0.896183923201581,1,0.05,1,0.05,1,0.048,1,0.05,1,0.048
0.885058037845011,0.885122767642779,0.901474205147472,0.885146102836371,0.901547629076345,1,0.049,1,0.048,1,0.046,1,0.048,1,0.046
0.896902331632307,0.896916946121754,0.910962932651532,0.897032917784085,0.911105354529979,1,0.044,1,0.044,1,0.042,1,0.044,1,0.042
0.877268874115845,0.877175314955562,0.89405471018113,0.87748431530879,0.894393303880275,1,0.058,1,0.058,1,0.052,1,0.058,1,0.052
0.884060574948665,0.884194866039949,0.896269273469618,0.884283785971143,0.896359424181155,1,0.05,1,0.05,1,0.046,1,0.05,1,0.047
0.892891958002244,0.893540459689928,0.910192189609052,0.893758641475314,0.910370558928594,1,0.049,1,0.05,1,0.046,1,0.049,1,0.045
0.879136514397708,0.879087629598305,0.896007729536847,0.879322424221754,0.896197009589948,1,0.055,1,0.056,1,0.051,1,0.055,1,0.051
0.909163546994755,0.909252111017362,0.919884700691241,0.909491045548989,0.920080992433812,1,0.041,1,0.041,1,0.039,1,0.041,1,0.04
0.861126093247381,0.862475832485875,0.879674737265705,0.862992166392103,0.879962244700005,0,0.059,0,0.059,1,0.055,0,0.059,1,0.054
0.865395045123221,0.865694391240501,0.878559024134753,0.866297180671183,0.879136646965673,0,0.054,0,0.055,1,0.053,0,0.054,1,0.052
0.861961237095831,0.86179872099032,0.873405703887739,0.862240783343172,0.873759149560468,0,0.06,0,0.061,1,0.059,0,0.059,0,0.058
0.889747235480104,0.889693991280705,0.901247152031921,0.89035475117351,0.90182450733845,1,0.045,1,0.045,1,0.044,1,0.045,1,0.043
0.885850861694649,0.885892468782154,0.904952386417881,0.886282730009841,0.90532379654129,1,0.051,1,0.051,1,0.047,1,0.052,1,0.047
0.911302436326881,0.91155312694945,0.925910295331329,0.911654463144191,0.926013198600602,1,0.037,1,0.036,0,0.032,1,0.036,0,0.032
0.876249304349421,0.876202826131885,0.890886185978342,0.876839839807289,0.891479319279447,1,0.05,1,0.05,1,0.048,1,0.05,1,0.047
0.912608442805134,0.912864338596424,0.926071363247267,0.912919418829597,0.926088577126375,1,0.041,1,0.041,0,0.038,1,0.041,0,0.038
0.899586697195799,0.900249421286831,0.913373478356821,0.900469983005242,0.91357033698357,1,0.043,1,0.043,1,0.04,1,0.044,1,0.04
0.911937020467768,0.912115620114969,0.925478540817059,0.912711627122696,0.926032467121579,1,0.037,1,0.037,0,0.036,1,0.037,0,0.035
0.858279912118946,0.858315881175209,0.874661681007472,0.85946636493241,0.875840463651989,0,0.064,0,0.064,1,0.06,0,0.063,1,0.059
0.890590964112994,0.890582301734587,0.902407317542053,0.891009708520174,0.902842132641912,1,0.048,1,0.048,1,0.046,1,0.047,1,0.045
0.912074289760251,0.912275474481242,0.924002013166149,0.912547831378048,0.924329507757335,1,0.038,1,0.038,0,0.035,1,0.038,0,0.035
0.868793805207493,0.868377370931461,0.886760270916923,0.869430233034416,0.887793964472549,0,0.06,0,0.061,1,0.056,0,0.06,1,0.055
0.881093816385516,0.881128588714439,0.89986683681443,0.881278476615188,0.900137703102522,1,0.049,1,0.049,1,0.045,1,0.049,1,0.045
0.8678041540699,0.867456643378156,0.888793897021567,0.868989800070121,0.890207756629437,0,0.061,0,0.061,1,0.056,0,0.061,1,0.055
0.887693549996236,0.887665713554705,0.901455595995672,0.887872848769152,0.901706547570221,1,0.045,1,0.045,1,0.041,1,0.045,1,0.04
0.862879346626834,0.862993513719238,0.878064140063414,0.863126643548423,0.878182730298656,0,0.061,0,0.061,1,0.059,0,0.061,1,0.058
0.87637882166553,0.87642773461787,0.892338790847385,0.87651323875178,0.892411818262015,1,0.055,1,0.055,1,0.053,1,0.055,1,0.052
0.889414424681138,0.889637357521764,0.902677824220776,0.890261045546798,0.903153109089913,1,0.047,1,0.047,1,0.045,1,0.046,1,0.045
0.877915668015044,0.878296046911093,0.893848397572928,0.878323771331198,0.893933370495163,1,0.054,1,0.054,1,0.052,1,0.055,1,0.052
0.887734338777545,0.887872473454263,0.904574167612901,0.888398177781662,0.905123471777108,1,0.054,1,0.054,1,0.05,1,0.054,1,0.049
0.869223717371575,0.869145892408887,0.884801332341043,0.870027359105224,0.885627779696434,0,0.055,0,0.055,1,0.055,0,0.055,1,0.054
0.893224093984442,0.893167715296306,0.907540819847823,0.893450620380234,0.90781700722302,1,0.046,1,0.045,1,0.04,1,0.045,1,0.04
0.891893846881236,0.891965205106986,0.907418815014317,0.892001405106951,0.907490907181053,1,0.05,1,0.049,1,0.046,1,0.049,1,0.046
0.895433599296016,0.895598276909569,0.906828479016973,0.895973731786717,0.907203053086767,1,0.043,1,0.042,1,0.041,1,0.042,1,0.041
0.90327227125401,0.90332328988896,0.915850671963732,0.903480811212577,0.915997250545194,1,0.04,1,0.04,1,0.037,1,0.039,1,0.038
0.895555831520066,0.895962336348123,0.912858535608155,0.896526251429898,0.913388582532711,1,0.044,1,0.044,1,0.04,1,0.044,1,0.039
0.87237470024785,0.87246239317341,0.88947703505478,0.872640008138512,0.889702349085961,0,0.059,0,0.059,1,0.056,0,0.058,1,0.057
0.88766509339426,0.887759015915224,0.906047682023362,0.887922916427337,0.906140732727157,1,0.049,1,0.05,1,0.045,1,0.049,1,0.045
0.897186923111073,0.897371282589698,0.91377245878188,0.897516612679653,0.913902307666618,1,0.049,1,0.049,1,0.045,1,0.049,1,0.045
0.881886785404078,0.881774369673298,0.898829800167562,0.882217414656848,0.899145357965666,1,0.052,1,0.052,1,0.048,1,0.052,1,0.048
0.889509080397225,0.88959528578592,0.904361263883176,0.889729880630678,0.904563912356745,1,0.048,1,0.047,1,0.045,1,0.047,1,0.044
0.883022696611263,0.882939940179613,0.897057605664089,0.883287923370194,0.897357079152938,1,0.053,1,0.053,1,0.05,1,0.052,1,0.05
0.884353348257402,0.88439253201807,0.899554780790493,0.885034544242022,0.90001558614006,1,0.053,1,0.053,1,0.052,1,0.052,1,0.052
0.875210219284992,0.875404254374687,0.894368526219751,0.87558938162661,0.8945647262609,0,0.055,0,0.055,1,0.05,0,0.055,1,0.05
0.885117499787893,0.885484844831513,0.899401084137346,0.886669079925855,0.900433245672535,1,0.048,1,0.048,1,0.045,1,0.047,1,0.045
0.879662460191098,0.879901363480982,0.895907733679686,0.880427695482757,0.896277700432355,1,0.054,1,0.054,1,0.049,1,0.053,1,0.049
0.894416487529599,0.894553059738551,0.908517652814552,0.894695823652633,0.908712738891816,1,0.045,1,0.045,1,0.043,1,0.045,1,0.043
0.878357632052115,0.878251191520464,0.896483184843162,0.879202503680479,0.897268056033261,1,0.055,1,0.055,1,0.053,1,0.054,1,0.052
0.902214442917219,0.902445061151699,0.91297827164474,0.902469302142872,0.912999379637592,1,0.041,1,0.041,1,0.039,1,0.041,1,0.04
0.876066753367571,0.875868434062435,0.89260854480336,0.876275138242639,0.892949985551532,1,0.055,1,0.055,1,0.05,1,0.055,1,0.049
0.887862991988585,0.887975302647425,0.90516583223666,0.88844532102484,0.905501132896159,1,0.048,1,0.049,1,0.045,1,0.047,1,0.045
0.881936266039254,0.882215952857611,0.895263968719647,0.882257076309871,0.89530398044501,1,0.05,1,0.049,1,0.047,1,0.05,1,0.047
0.873639075614446,0.874224506695613,0.892976496847152,0.874474990032721,0.893157187419555,0,0.055,0,0.054,1,0.05,0,0.054,1,0.05
0.894509626888037,0.894462613354127,0.909283087362032,0.895164928040776,0.909803746434992,1,0.05,1,0.051,1,0.047,1,0.05,1,0.047
0.88358117493567,0.883701380546485,0.899703326601592,0.883992025333613,0.899946180542616,1,0.05,1,0.05,1,0.047,1,0.05,1,0.046
0.886461268708122,0.886832271205173,0.902950101947103,0.887133530858056,0.903249599520082,1,0.049,1,0.049,1,0.045,1,0.048,1,0.044
0.883854998281856,0.883954378953772,0.90540901589833,0.884199144724959,0.905667829220613,1,0.057,1,0.058,1,0.052,1,0.058,1,0.052
0.888262722533596,0.888368437810955,0.902934125999539,0.888737938471986,0.903299195995051,1,0.052,1,0.051,1,0.046,1,0.051,1,0.046
0.892011617861008,0.892365778191497,0.906837107817804,0.892546011426449,0.906980726622037,1,0.048,1,0.048,1,0.044,1,0.048,1,0.044
0.88537491048817,0.885528716382321,0.899921853540298,0.88589117824495,0.900094959845794,1,0.048,1,0.048,1,0.044,1,0.047,1,0.043
0.874284406681856,0.874650514646556,0.88878953077578,0.874794417894373,0.888982207656455,0,0.052,0,0.052,1,0.051,0,0.051,1,0.049
0.888038741398639,0.887976201990299,0.901937396688353,0.888318829548129,0.902266576159737,1,0.052,1,0.052,1,0.047,1,0.051,1,0.047
0.897865172750658,0.897856692239158,0.911429224194543,0.897992023156063,0.911541692952387,1,0.043,1,0.044,1,0.04,1,0.044,1,0.04
0.913265097654654,0.913281991702762,0.929028156588987,0.91344287557904,0.929139431852566,1,0.041,1,0.041,0,0.037,1,0.04,0,0.037
0.861167987317449,0.861215047688805,0.879948711363291,0.862055509231603,0.880667484024885,0,0.058,0,0.058,1,0.053,0,0.057,1,0.052
0.896692032253544,0.896969011178476,0.911383355781226,0.897428329802443,0.91173982399561,1,0.046,1,0.046,1,0.042,1,0.046,1,0.042
0.86565240185446,0.86574957214605,0.883247901667419,0.866021153129338,0.883548014085965,0,0.065,0,0.065,1,0.06,0,0.064,1,0.059
0.885759017564975,0.885711359242666,0.893446489536819,0.885848683358213,0.893712856238487,1,0.045,1,0.045,1,0.043,1,0.045,1,0.043
0.869453329256297,0.869783800701815,0.887133064338963,0.870067850220445,0.887266091970813,0,0.065,0,0.064,1,0.059,0,0.064,1,0.059
0.870933346625292,0.871327499845072,0.889919579200908,0.871539565175558,0.890037241338756,0,0.059,0,0.059,1,0.056,0,0.059,1,0.055
0.91267906476393,0.912646613246052,0.929035204344323,0.912928336058424,0.92929208101584,1,0.039,1,0.039,0,0.034,1,0.04,0,0.034
0.860502178521588,0.861828970578474,0.876357394651521,0.862262521233973,0.876670286183233,0,0.064,0,0.064,1,0.061,0,0.064,1,0.061
0.885833732875752,0.886518297935701,0.903090702051095,0.886905330666109,0.903415051940746,1,0.049,1,0.049,1,0.047,1,0.049,1,0.045
0.88944636926133,0.889448787091051,0.900972626390191,0.889833057864452,0.901177649257758,1,0.05,1,0.05,1,0.048,1,0.05,1,0.047
0.873638478215848,0.873968805666899,0.889896833642412,0.874118654538225,0.89005677329216,0,0.057,0,0.056,1,0.052,0,0.056,1,0.052
0.889372253257297,0.889418265664173,0.90601764887573,0.890088443313279,0.906689088426291,1,0.051,1,0.051,1,0.047,1,0.051,1,0.046
0.895071065459122,0.895135298157195,0.90547489013005,0.895356113151598,0.90566383165746,1,0.046,1,0.046,1,0.046,1,0.046,1,0.046
0.886109795973247,0.886078036156117,0.907022792451552,0.886528456488308,0.907468257307643,1,0.052,1,0.053,1,0.047,1,0.052,1,0.047
0.894561421956245,0.894668387351853,0.907216292574415,0.895176008659542,0.907580031448516,1,0.05,1,0.051,1,0.047,1,0.05,1,0.047
0.885864337510182,0.885689959223372,0.89695580065715,0.886169970865093,0.897440183879951,1,0.052,1,0.051,1,0.046,1,0.051,1,0.046
0.903681172473083,0.903933372706714,0.918203554630265,0.904045762330526,0.918291499197927,1,0.041,1,0.041,1,0.039,1,0.041,1,0.039
0.867687171762407,0.867522637714195,0.885602784218966,0.868030591301056,0.886029533685808,0,0.06,0,0.061,1,0.059,0,0.06,1,0.058
0.872533966126931,0.872388697169323,0.887319114152177,0.873299039945604,0.888039066540945,0,0.055,0,0.054,1,0.052,0,0.054,1,0.051
0.89655858069545,0.896886185831525,0.909666265801442,0.896903658735981,0.909680155178049,1,0.043,1,0.043,1,0.04,1,0.043,1,0.04
0.879282293521696,0.8792938758041,0.895007771727021,0.8798540043501,0.895415834145042,1,0.054,1,0.055,1,0.052,1,0.054,1,0.053
0.891961290627172,0.891863342612855,0.907573178409617,0.892171986480092,0.907844269783007,1,0.048,1,0.049,1,0.045,1,0.048,1,0.045
0.861117179543835,0.861320031246378,0.875079788958559,0.861494359516366,0.875268580122355,0,0.059,0,0.06,0,0.057,0,0.059,0,0.056
0.889159637346798,0.889084257174824,0.90429113368101,0.889363641712646,0.904475699537682,1,0.049,1,0.049,1,0.048,1,0.049,1,0.048
0.879913344609333,0.880085940947775,0.895926294113722,0.880508200064763,0.896299676805243,1,0.055,1,0.055,1,0.051,1,0.055,1,0.051
0.872502896695692,0.872554061705563,0.887605569748434,0.872858101710084,0.887850681870341,0,0.055,0,0.055,1,0.052,0,0.056,1,0.051
0.883084970517001,0.883269899946853,0.898786223420139,0.883796594731885,0.899200326484503,1,0.049,1,0.048,1,0.046,1,0.048,1,0.046
0.875210046500643,0.875218585916874,0.891929087535337,0.875362054834744,0.892065341686561,1,0.055,1,0.056,1,0.054,1,0.056,1,0.053
0.882515412400532,0.882382774366285,0.898515335147066,0.882642855851674,0.898793598449579,1,0.053,1,0.054,1,0.049,1,0.054,1,0.049
0.875579426647408,0.8757044135736,0.894196146053675,0.875726308928172,0.894217804138818,1,0.056,1,0.056,1,0.053,1,0.056,1,0.053
0.892318365418754,0.892463831454837,0.906341072857871,0.892776444416961,0.906595368803658,1,0.047,1,0.048,1,0.044,1,0.047,1,0.043
0.893086774602922,0.89297402003201,0.908859949986607,0.893318141511747,0.909097972698573,1,0.048,1,0.049,1,0.043,1,0.049,1,0.044
0.898711744783942,0.898655124533971,0.911584921743771,0.899376064599629,0.912134274108113,1,0.045,1,0.045,1,0.041,1,0.044,1,0.04
0.879179291016513,0.879447718716698,0.891142094939385,0.879585012347194,0.891329683350507,1,0.053,1,0.053,1,0.052,1,0.052,1,0.052
0.88718176368986,0.887583067824954,0.903901834038273,0.88778885685969,0.904075214356372,1,0.05,1,0.05,1,0.046,1,0.05,1,0.046
0.889320458314836,0.889442907335985,0.906034023973581,0.889819606227118,0.906281305204573,1,0.05,1,0.049,1,0.046,1,0.049,1,0.046
0.875389306399214,0.875274929287811,0.890342199488288,0.875741114848893,0.89085355769623,1,0.06,1,0.059,1,0.056,1,0.059,1,0.056
0.878789996075766,0.878883822930867,0.894561001122311,0.879133580394318,0.894805050566888,1,0.051,1,0.051,1,0.048,1,0.05,1,0.048
0.896749443616236,0.896936853952383,0.912370023070858,0.897079187238243,0.912529770450085,1,0.048,1,0.048,1,0.043,1,0.048,1,0.044
0.898610404585071,0.898621750776059,0.912027396907824,0.898763365128159,0.912220214320433,1,0.043,1,0.044,1,0.04,1,0.043,1,0.039
0.897733985205589,0.898016133631554,0.917799914415425,0.898416418633656,0.918198141210995,1,0.049,1,0.049,1,0.042,1,0.048,1,0.042
0.897390223327265,0.89754877806796,0.909105903299245,0.897627680146886,0.909213097649171,1,0.042,1,0.042,1,0.04,1,0.042,1,0.041
0.883035586552217,0.883705846519735,0.90107664396935,0.883979377282064,0.901423463232723,1,0.057,1,0.056,1,0.052,1,0.055,1,0.051
0.883311343221106,0.884259513973718,0.900190125238415,0.884622454140959,0.900523149568722,1,0.047,1,0.046,1,0.043,1,0.046,1,0.042
0.895020639798546,0.895089793946161,0.91063455227488,0.89530402761729,0.910800588941682,1,0.045,1,0.045,1,0.042,1,0.045,1,0.041
0.888722837470676,0.888776086170375,0.899763951701475,0.889393625374729,0.900336713188209,1,0.048,1,0.048,1,0.044,1,0.047,1,0.044
0.892690546355193,0.893171895430013,0.909584553937092,0.893621903957664,0.909954886699116,1,0.05,1,0.049,1,0.046,1,0.05,1,0.045
0.863971415891067,0.864571942354655,0.882154562835075,0.865056708696195,0.882570720845245,0,0.064,0,0.063,1,0.058,0,0.062,1,0.057
0.877625664242024,0.877408740627196,0.892675450653135,0.878284658919154,0.893427933430511,0,0.05,0,0.05,1,0.048,0,0.05,1,0.047
0.868520481456928,0.86840665036499,0.884708971588828,0.86896020309604,0.885231025702504,0,0.06,0,0.06,1,0.055,0,0.059,1,0.056
0.855357508707232,0.855515960364171,0.873656927412556,0.855758179313463,0.873852346285952,0,0.064,0,0.066,0,0.062,0,0.066,0,0.062
0.880918575930011,0.880926580686196,0.894973159113301,0.881375348449478,0.895298682002797,1,0.054,1,0.054,1,0.052,1,0.054,1,0.051
0.872491543423537,0.872636737625604,0.892807716694339,0.872815364480978,0.892913783060866,0,0.06,0,0.06,1,0.058,0,0.06,1,0.058
0.874988621682522,0.875552913830068,0.887827232777604,0.876500984470762,0.888760922339936,1,0.055,1,0.056,1,0.053,1,0.057,1,0.054
0.871401353328816,0.871343345669659,0.885774754696628,0.871529793913525,0.885924314620842,0,0.057,0,0.058,1,0.054,0,0.058,1,0.054
0.876699949798571,0.87643977808755,0.892341662253224,0.877430647880138,0.89344509682132,1,0.058,1,0.059,1,0.055,1,0.058,1,0.055
0.881674618169216,0.881771038764475,0.899793143258902,0.881918935989194,0.899946306762296,1,0.052,1,0.052,1,0.048,1,0.051,1,0.048
0.876109846712965,0.876213439390016,0.895828930438203,0.876548594588586,0.896154803385434,1,0.058,1,0.058,1,0.053,1,0.058,1,0.052
0.900315231284762,0.900671928753879,0.914991611464976,0.900759911399402,0.915059632645884,1,0.047,1,0.046,1,0.044,1,0.046,1,0.044
0.896593720598568,0.896902608396037,0.912123290410613,0.897049339237286,0.912306295061057,1,0.047,1,0.047,1,0.044,1,0.047,1,0.044
0.872291934306789,0.871915080298033,0.886368760366749,0.872709222728153,0.887148334349313,0,0.052,0,0.053,1,0.049,0,0.053,1,0.048
0.863024043820421,0.862965923921549,0.878132659293923,0.863699622825381,0.878854327807887,0,0.06,0,0.06,1,0.056,0,0.061,1,0.055
0.88580263900535,0.886112798100157,0.899361131475942,0.88631722758091,0.89951042293392,1,0.052,1,0.052,1,0.051,1,0.052,1,0.05
0.878555095027309,0.878512706382484,0.894320063396472,0.878721029684617,0.894449309277081,1,0.056,1,0.057,1,0.054,1,0.056,1,0.052
0.880365567158909,0.880589208134982,0.896443835534932,0.881195486989286,0.896936753591783,1,0.055,1,0.055,1,0.051,1,0.055,1,0.051
0.889157035287835,0.889405764293199,0.904256102654707,0.889599499877355,0.904470123521767,1,0.05,1,0.049,1,0.045,1,0.049,1,0.044
0.891694723857806,0.891759935936606,0.906140079155295,0.891849058579401,0.906276247180201,1,0.045,1,0.045,1,0.042,1,0.046,1,0.042
0.890971878003228,0.890975465479623,0.904146988570599,0.891667529810912,0.904702901687872,1,0.045,1,0.045,1,0.043,1,0.044,1,0.043
0.887960249474001,0.888078247617992,0.900224243726096,0.888196564894569,0.900320974120423,1,0.048,1,0.048,1,0.047,1,0.048,1,0.046
0.863951477612065,0.864204686195845,0.881150430794286,0.864663833245346,0.881491072666158,0,0.06,0,0.059,1,0.057,0,0.058,1,0.057
0.877900321598518,0.877852170016706,0.893887486934022,0.878469720904375,0.894579320553649,1,0.054,1,0.055,1,0.051,1,0.054,1,0.051
0.891084072378773,0.891301331997331,0.907482870624554,0.891588895222575,0.907798355630628,1,0.05,1,0.049,1,0.045,1,0.049,1,0.045
0.856043289341302,0.855938611348068,0.871756541805482,0.856632112751825,0.872232112904314,0,0.064,0,0.064,1,0.06,0,0.062,1,0.059
0.899496937149174,0.899586226031919,0.912934899801149,0.899913843845444,0.913194961197109,1,0.044,1,0.044,1,0.041,1,0.044,1,0.04
0.879330083260298,0.879562042567143,0.894523104757514,0.880012510829397,0.894964400102632,1,0.054,1,0.054,1,0.05,1,0.053,1,0.05
0.892262582291195,0.892421525757228,0.905269406440598,0.892580551851744,0.905412895860913,1,0.047,1,0.047,1,0.043,1,0.046,1,0.043
0.891889372291977,0.892271240433751,0.906610581285802,0.892419536539873,0.906760486158829,1,0.048,1,0.048,1,0.045,1,0.048,1,0.045
0.899517662400978,0.899549289470175,0.916321375950054,0.899609773642294,0.916372193208388,1,0.047,1,0.047,1,0.044,1,0.047,1,0.044
0.840953517134195,0.84181004557676,0.859741917477939,0.842725487026125,0.860498616961368,0,0.067,0,0.068,0,0.064,0,0.066,0,0.063
0.862125909039559,0.862192834834492,0.879207214064825,0.862432966251536,0.879323632668944,0,0.066,0,0.066,1,0.063,0,0.065,1,0.063
0.885603972798855,0.885671159662474,0.902485891883848,0.886202634150103,0.90288802890489,1,0.053,1,0.052,1,0.049,1,0.052,1,0.049
0.894857178373867,0.894862457853061,0.909019893040163,0.895030101690781,0.909146414018997,1,0.046,1,0.046,1,0.044,1,0.046,1,0.045
0.869699441736122,0.869628089820799,0.89017312196191,0.869848146424255,0.890427782333777,0,0.057,0,0.057,1,0.053,0,0.057,1,0.053
0.874964012047659,0.874898861802122,0.891216256870591,0.875234691783961,0.89153552590465,1,0.056,1,0.056,1,0.052,1,0.056,1,0.051
0.896043940602174,0.896302797282845,0.909495973765576,0.896448026715975,0.909654704949848,1,0.042,1,0.042,1,0.041,1,0.042,1,0.041
0.87222728899095,0.872379517168096,0.887066895078118,0.872641690117268,0.887267462235017,0,0.054,0,0.054,1,0.051,0,0.053,1,0.05
0.901064956835849,0.901225389385895,0.913074228019159,0.901356537175134,0.913277904843741,1,0.044,1,0.044,1,0.043,1,0.044,1,0.043
0.869386496866381,0.869636797484011,0.888263439399711,0.86989990716003,0.888401108202241,0,0.059,0,0.059,1,0.056,0,0.058,1,0.055
0.888914826284438,0.889152537674784,0.906832320454086,0.889442100165606,0.906945845816229,1,0.049,1,0.048,1,0.046,1,0.048,1,0.045
0.867940712439173,0.868282592888802,0.884244382119481,0.869139545353198,0.885155651433179,0,0.062,0,0.062,1,0.06,0,0.061,1,0.059
0.898800228333439,0.899012344829255,0.913689509645863,0.899113700585421,0.913773070147425,1,0.045,1,0.045,1,0.041,1,0.045,1,0.041
0.884641667057774,0.884378534321655,0.898605088049984,0.885185994847148,0.899347109185271,1,0.051,1,0.051,1,0.05,1,0.05,1,0.049
0.883148864086457,0.883219521262817,0.898142618138381,0.88338393595615,0.898224254114617,1,0.052,1,0.052,1,0.049,1,0.053,1,0.049
0.901712283082027,0.901705382130715,0.914818582903431,0.901831069851402,0.915019500543116,1,0.044,1,0.044,1,0.041,1,0.045,1,0.042
0.892804039673701,0.89283550739956,0.906164114146689,0.892946625435981,0.906301057134451,1,0.046,1,0.047,1,0.044,1,0.047,1,0.044
0.885119769450666,0.885361146539031,0.904429702476987,0.885623054781442,0.904650584647423,1,0.053,1,0.053,1,0.049,1,0.052,1,0.048
0.892510773797405,0.892654051221602,0.906679539991863,0.892863068761585,0.906835141595972,1,0.046,1,0.046,1,0.043,1,0.046,1,0.043
0.882915268155829,0.882942462500622,0.897795855239782,0.883412657541219,0.898171515586487,1,0.054,1,0.055,1,0.052,1,0.054,1,0.052
0.874531265008347,0.87480172328493,0.889861987594593,0.875084923221994,0.890191625067151,0,0.06,0,0.06,1,0.054,0,0.059,1,0.053
0.902238272834703,0.902303469191701,0.91495760526534,0.902396789425458,0.915009831927219,1,0.04,1,0.04,1,0.036,1,0.04,1,0.036
0.8883449126776,0.888890444142793,0.903425145691906,0.88899300886432,0.903538233855242,1,0.049,1,0.048,1,0.044,1,0.049,1,0.044
0.864208471081376,0.864125143613121,0.882147070933586,0.864585236163557,0.882626471392667,0,0.06,0,0.06,1,0.058,0,0.061,1,0.057
0.871358793259898,0.870995858009579,0.886512168765543,0.871798295707343,0.887311552848583,0,0.061,0,0.062,1,0.059,0,0.062,1,0.058
0.874744943735535,0.874762642163142,0.893281829386282,0.874862883465605,0.893407425392741,1,0.057,0,0.057,1,0.053,0,0.058,1,0.052
0.880331367161921,0.880363024953841,0.896957596123886,0.881301691788832,0.897689064129265,1,0.056,1,0.056,1,0.053,1,0.055,1,0.052
0.868549155209541,0.868511121443284,0.883820139327503,0.868773984656458,0.88411616958886,0,0.059,0,0.059,1,0.056,0,0.06,1,0.056
0.882595045464846,0.883123511431809,0.897751072453466,0.883399453023353,0.897996959853321,1,0.052,1,0.051,1,0.047,1,0.05,1,0.048
0.896955864941548,0.897576542835202,0.909099682543447,0.89789352673217,0.90956858892504,1,0.046,1,0.046,1,0.042,1,0.045,1,0.042
0.889051934000541,0.889052178077502,0.90514968783645,0.889102073948861,0.905215678424535,1,0.051,1,0.051,1,0.049,1,0.051,1,0.048
0.867721502132831,0.867986270931042,0.878802748567166,0.868027101274996,0.878892154248954,0,0.055,0,0.055,1,0.053,0,0.055,1,0.054
0.883261090079707,0.88329827791832,0.900131652690296,0.883796656349114,0.900570869212424,1,0.05,1,0.05,1,0.047,1,0.05,1,0.048
0.893950458190149,0.894106645426515,0.908987897292268,0.894317968482549,0.909132300468002,1,0.047,1,0.048,1,0.043,1,0.047,1,0.043
0.884070542642337,0.88422947653084,0.895011381528911,0.884504016941157,0.895307283539454,1,0.053,1,0.053,1,0.052,1,0.053,1,0.052
0.902652054125749,0.90297086681818,0.916180672789852,0.903080719393674,0.916220980659514,1,0.043,1,0.043,1,0.04,1,0.043,1,0.041
0.863579134264938,0.863324890311108,0.881400225330646,0.864093000851422,0.882113053421061,0,0.056,0,0.057,1,0.053,0,0.056,1,0.052
0.901067850659634,0.90118637661451,0.916302466524353,0.901763665594625,0.916778376722012,1,0.043,1,0.043,1,0.037,1,0.042,1,0.037
0.894685886289365,0.894724332482843,0.913363763639765,0.895039206506484,0.913675960039873,1,0.046,1,0.047,1,0.042,1,0.048,1,0.041
0.887771931245164,0.887865874738861,0.902828093678218,0.888458717956322,0.903455163155059,1,0.051,1,0.051,1,0.047,1,0.05,1,0.047
0.892763157225845,0.892895779083963,0.909850252208579,0.892933412794479,0.909888403438358,1,0.046,1,0.046,1,0.043,1,0.046,1,0.042
0.892998321756271,0.893281079433933,0.908132583962394,0.894277865780772,0.908980724695312,1,0.048,1,0.048,1,0.045,1,0.047,1,0.044
0.86444428958267,0.864514297571105,0.884693455287336,0.864946126523963,0.885140225110043,0,0.062,0,0.062,1,0.057,0,0.061,1,0.056
0.876281338516853,0.87626970272651,0.893865737472218,0.876437400154129,0.893948370396693,1,0.057,1,0.056,1,0.052,1,0.056,1,0.051
0.892036552749197,0.891876174310646,0.910143219765719,0.892761430834448,0.910738068753696,1,0.047,1,0.047,1,0.045,1,0.046,1,0.044
0.889937258687259,0.889985518346407,0.904365191436242,0.890294282980619,0.904630388834694,1,0.05,1,0.05,1,0.045,1,0.05,1,0.046
0.8811203828089,0.881429229485257,0.895546294605676,0.881891627305844,0.895945431693811,1,0.054,1,0.054,1,0.051,1,0.054,1,0.051
0.880186531471207,0.880222073677245,0.897304424798198,0.880664195911062,0.897691327349464,1,0.053,1,0.052,1,0.049,1,0.052,1,0.049
0.868242693465528,0.868167190359332,0.880865621417343,0.868324819440891,0.88105350408491,0,0.058,0,0.058,1,0.055,0,0.058,1,0.054
0.892428863136121,0.892583907058726,0.909030945472249,0.892756002988986,0.909092878040794,1,0.051,1,0.051,1,0.048,1,0.05,1,0.047
0.885020440552664,0.885022392149355,0.900267004602515,0.885656533322248,0.900820374409093,1,0.049,1,0.05,1,0.047,1,0.05,1,0.047
0.880205163202194,0.880245588265011,0.894649071151106,0.88072988454703,0.895227980778702,1,0.052,1,0.052,1,0.047,1,0.051,1,0.046
0.869763024441902,0.870064018451389,0.88281471239387,0.870286690620074,0.883134056773185,0,0.053,0,0.053,1,0.05,0,0.053,1,0.05
0.891108288972151,0.89115446545746,0.905537282725659,0.891285350443754,0.905686553958483,1,0.047,1,0.047,1,0.043,1,0.047,1,0.043
0.866461951892028,0.866329005167354,0.880791313038657,0.866805224826819,0.881241613883712,0,0.058,0,0.059,1,0.055,0,0.058,1,0.054
0.892611702148784,0.892509157322867,0.907544571415178,0.893245664949434,0.908108414012494,1,0.05,1,0.05,1,0.048,1,0.049,1,0.046
0.885402855415425,0.885448877019981,0.898411357680002,0.886188225616314,0.899101569743509,1,0.052,1,0.052,1,0.049,1,0.05,1,0.046
0.907423033968767,0.907511395984129,0.921290139140514,0.907537835513979,0.921323503395546,1,0.041,1,0.041,1,0.038,1,0.041,1,0.038
0.896427104627884,0.896379488242976,0.915937602318099,0.896623499558087,0.916097202476853,1,0.043,1,0.043,1,0.039,1,0.042,1,0.04
0.902668800227485,0.902812414995817,0.915566088332103,0.903100249299189,0.915849542886668,1,0.04,1,0.04,1,0.037,1,0.04,1,0.037
0.860804602068045,0.861182978410062,0.877404540857468,0.861498804011732,0.877723930118225,0,0.06,0,0.061,1,0.059,0,0.06,1,0.06
0.893031168002074,0.89315585307883,0.905834736362072,0.893213380588994,0.905913445910576,1,0.047,1,0.047,1,0.046,1,0.047,1,0.046
0.894818369699498,0.89506948156476,0.908183210059024,0.895222900925764,0.908316681095924,1,0.045,1,0.045,1,0.042,1,0.045,1,0.042
0.88451812223626,0.884905453674696,0.897943639125954,0.885624940195636,0.898538493028159,1,0.048,1,0.048,1,0.046,1,0.048,1,0.046
0.887147946579516,0.887446477091893,0.905068698590118,0.887462519256262,0.905082756659867,1,0.052,1,0.052,1,0.047,1,0.054,1,0.047
0.879409806755934,0.879913749843296,0.896038120995064,0.880828163778221,0.896858345089615,1,0.055,1,0.055,1,0.051,1,0.053,1,0.05
0.853530474541586,0.853861481031536,0.869459280970437,0.854379401618204,0.87001364695867,0,0.061,0,0.061,0,0.058,0,0.061,0,0.057
0.896928288723639,0.897090458883546,0.913343365154252,0.897213727899197,0.913497150959641,1,0.044,1,0.044,1,0.041,1,0.043,1,0.04
0.865335616057736,0.865276396589096,0.887008622320359,0.865732921557315,0.887435076107143,0,0.059,0,0.059,1,0.054,0,0.059,1,0.054
0.888973107816954,0.889479709595702,0.904883762921471,0.889699316846524,0.905073968081316,1,0.05,1,0.05,1,0.047,1,0.05,1,0.047
0.865674303589254,0.865498759624696,0.882044958376997,0.866143431358231,0.882597438779457,0,0.058,0,0.058,1,0.053,0,0.057,1,0.053
0.881276245350747,0.881472944272763,0.900320461005356,0.881921189257626,0.900689648393496,1,0.052,1,0.052,1,0.047,1,0.051,1,0.046
0.877765385342592,0.877828405702123,0.894047738468971,0.877877517320965,0.894101992985736,1,0.053,1,0.054,1,0.052,1,0.055,1,0.053
0.884260333315824,0.884240620499311,0.902578508163872,0.884759464323373,0.902965509025845,1,0.049,1,0.049,1,0.045,1,0.048,1,0.045
0.855910912491999,0.855985429001997,0.87147273410981,0.85637128159654,0.871832774640961,0,0.067,0,0.067,0,0.063,0,0.066,0,0.063
0.912102362914411,0.912312124224038,0.924598352236896,0.912531981971446,0.924788562357555,1,0.036,1,0.037,0,0.034,1,0.037,0,0.034
0.869125583674761,0.869369885583269,0.885187183631092,0.869451302537956,0.885304344024363,0,0.057,0,0.057,1,0.054,0,0.057,1,0.053
0.876563809139185,0.87728917446099,0.893630207803118,0.877603720577516,0.893920166826721,1,0.061,1,0.06,1,0.056,1,0.06,1,0.056
0.896876879384098,0.896881674092197,0.908674154830815,0.89701360266674,0.90893453402228,1,0.047,1,0.047,1,0.043,1,0.047,1,0.043
0.894087245240318,0.894010621623052,0.91004834710484,0.894270987080416,0.910182610510153,1,0.049,1,0.049,1,0.046,1,0.049,1,0.047
0.870946500078806,0.870978274830203,0.892696422952268,0.871451887243012,0.893064259095371,0,0.067,0,0.067,1,0.06,0,0.065,1,0.059
0.891205878920223,0.891265192147658,0.907374418016151,0.891415603451599,0.907477745542018,1,0.048,1,0.048,1,0.044,1,0.048,1,0.044
0.897469988904157,0.897263183902006,0.908890251612675,0.897871571670262,0.909478150866162,1,0.045,1,0.045,1,0.042,1,0.045,1,0.041
0.845941620001078,0.846064406714924,0.86808297077922,0.846393394514523,0.868333416528631,0,0.074,0,0.074,0,0.071,0,0.074,0,0.07
0.876630313754522,0.876786590089332,0.893193221702255,0.876951302078785,0.89342084616276,1,0.052,1,0.052,1,0.05,1,0.052,1,0.05
0.88621586661247,0.886430176450297,0.904312401489631,0.886558119401017,0.90444429082414,1,0.054,1,0.053,1,0.05,1,0.054,1,0.05
0.879937506546102,0.880428838515997,0.898806233418381,0.880847426986756,0.899102837758861,1,0.051,1,0.051,1,0.049,1,0.052,1,0.049
0.865758104451572,0.866006921462891,0.879855428907551,0.866237024724629,0.879963586445502,0,0.057,0,0.058,1,0.055,0,0.058,1,0.055
0.884856009166715,0.885442808521197,0.904226071276275,0.88563965945144,0.904372445361388,1,0.047,1,0.046,1,0.043,1,0.046,1,0.043
0.880734731773035,0.88090009266969,0.895991412654855,0.88107427986818,0.896110905793503,1,0.055,1,0.056,1,0.052,1,0.055,1,0.052
0.910008152818982,0.910079283814944,0.92177617810285,0.910237628185449,0.922007044147567,1,0.04,1,0.039,0,0.037,1,0.04,0,0.037
0.874325978530457,0.874226160796747,0.891634786098868,0.874963088541302,0.892237587673315,1,0.061,1,0.06,1,0.055,1,0.059,1,0.054
0.898119608413298,0.898147697698336,0.912154943548085,0.898333855302706,0.912391647196427,1,0.045,1,0.045,1,0.041,1,0.045,1,0.041
0.891437507819342,0.891448769335103,0.903258876699595,0.891762504501254,0.903571109543466,1,0.047,1,0.047,1,0.045,1,0.046,1,0.046
0.882778463923925,0.883007658768736,0.898472016846538,0.883824769387885,0.899260140773349,1,0.052,1,0.053,1,0.049,1,0.052,1,0.049
0.888347813501705,0.888546559657656,0.901409355839329,0.888779886699243,0.901629581686139,1,0.048,1,0.048,1,0.043,1,0.047,1,0.044
0.898084083733871,0.898148820279719,0.909955947800034,0.898433683293029,0.91017372011504,1,0.044,1,0.044,1,0.041,1,0.043,1,0.04
0.897667605205083,0.897681926107922,0.91180140047828,0.897772160629913,0.911927355725725,1,0.041,1,0.041,1,0.039,1,0.042,1,0.039
0.908183783595496,0.908190001367939,0.918983338247249,0.90838388593719,0.919153252801574,1,0.039,1,0.039,1,0.037,1,0.039,1,0.037
0.888998808794354,0.88911074488496,0.902521720554653,0.889330577262539,0.902759303208378,1,0.047,1,0.047,1,0.045,1,0.047,1,0.045
0.866853786936227,0.866637574226329,0.883708373222276,0.86747846204498,0.884508248924269,0,0.06,0,0.06,1,0.058,0,0.059,1,0.058
0.877871827053112,0.877816324638004,0.895144969772694,0.878035846183636,0.895343060025221,1,0.055,1,0.055,1,0.05,1,0.055,1,0.051
0.880950735196936,0.881070363795384,0.896993646824165,0.881332582218667,0.897175600318916,1,0.058,1,0.059,1,0.055,1,0.058,1,0.055
0.893217407058796,0.893602600889096,0.909893875527045,0.893819873241339,0.910049153155832,1,0.045,1,0.045,1,0.041,1,0.046,1,0.041
0.89140146832709,0.891602633776821,0.905744293253392,0.891829349937733,0.90599155678525,1,0.048,1,0.048,1,0.044,1,0.047,1,0.043
0.86460496579526,0.864558997732876,0.880710942526407,0.864912306048434,0.880977735110306,0,0.059,0,0.059,1,0.058,0,0.06,1,0.058
0.878342176471155,0.878759379692635,0.896340260369588,0.879493291816115,0.896851389757189,1,0.057,1,0.056,1,0.05,1,0.054,1,0.049
0.868133935289692,0.867953065873736,0.886476296485328,0.869081314220012,0.887615084624118,0,0.055,0,0.056,1,0.053,0,0.054,1,0.052
0.889377353780179,0.889592260874556,0.910072492367444,0.89001299276858,0.910333679476547,1,0.052,1,0.051,1,0.047,1,0.05,1,0.047
0.89520412591032,0.895348131922243,0.912674189947693,0.895732398496611,0.912948530743525,1,0.047,1,0.046,1,0.045,1,0.046,1,0.044
0.892044146433619,0.892192445444806,0.906568908536344,0.892245316759663,0.906602156515532,1,0.049,1,0.048,1,0.046,1,0.048,1,0.046
0.875502343629937,0.876213502010562,0.891953653199069,0.876557467849899,0.892268159625815,1,0.058,1,0.056,1,0.056,1,0.057,1,0.055
0.893890394400275,0.89413373136053,0.913680608246813,0.89472731813273,0.914160801499253,1,0.047,1,0.047,1,0.041,1,0.047,1,0.041
0.854735467015023,0.855776172017719,0.876694027166407,0.856302459420819,0.877018619606934,0,0.07,0,0.069,1,0.063,0,0.067,1,0.063
0.884635565544948,0.884810957009628,0.894121703629863,0.885160422715556,0.894471825161031,1,0.046,1,0.047,1,0.045,1,0.047,1,0.044
0.869587993194726,0.86939055828097,0.887181796178943,0.87065068526005,0.88845437356178,0,0.057,0,0.057,1,0.053,0,0.058,1,0.052
0.896497949249561,0.896595348405186,0.907130382251033,0.896638792410938,0.907213248590455,1,0.043,1,0.043,1,0.042,1,0.043,1,0.042
0.868213642639167,0.868197341552366,0.885666605788014,0.868816811704659,0.886247246294601,0,0.064,0,0.063,1,0.06,0,0.063,1,0.059
0.884345372740876,0.884943898175194,0.902282701902294,0.885076352695032,0.902431476343641,1,0.054,1,0.053,1,0.05,1,0.054,1,0.05
0.885606075596556,0.885774966691484,0.897144567013532,0.886022532106886,0.897481066793836,1,0.047,1,0.047,1,0.045,1,0.046,1,0.046
0.888594868248725,0.888560993420985,0.902827490515511,0.88919889833483,0.9034713751035,1,0.05,1,0.05,1,0.046,1,0.048,1,0.045
0.881512238433858,0.88168370433387,0.899953500877653,0.881835996948631,0.900123767605706,1,0.053,1,0.054,1,0.051,1,0.055,1,0.051
0.877731773375398,0.877986557984841,0.889716359485452,0.878152688056661,0.889850385238264,1,0.053,1,0.053,1,0.05,1,0.052,1,0.05
0.876173790503033,0.875938116518115,0.891053704837003,0.876475497146012,0.891449573438787,0,0.051,0,0.051,1,0.048,0,0.051,1,0.047
0.880520049376817,0.880724188027268,0.894172517118907,0.880901115242581,0.894284332622747,1,0.051,1,0.052,1,0.051,1,0.052,1,0.05
0.889022225239644,0.889217125402194,0.90461143070082,0.889321856143594,0.904829559487303,1,0.047,1,0.047,1,0.046,1,0.046,1,0.046
0.866441386549528,0.866123252840959,0.880052739951164,0.868066265026197,0.881775876977149,0,0.057,0,0.057,1,0.055,0,0.055,1,0.053
0.890077622178011,0.890138777188985,0.901480917378484,0.89063181827809,0.901931961607897,1,0.046,1,0.046,1,0.042,1,0.046,1,0.041
0.886756926970871,0.887073855018299,0.901508263921859,0.887321708572337,0.901671126046545,1,0.048,1,0.047,1,0.042,1,0.047,1,0.042
0.912436656095727,0.912520155256183,0.922127624573703,0.912684164424894,0.922237036965535,1,0.035,1,0.035,0,0.034,1,0.035,0,0.034
0.873322062337927,0.874094485783534,0.890898840324803,0.874574383113522,0.891275826428792,0,0.057,0,0.056,1,0.054,1,0.056,1,0.054
0.877131548146057,0.876956307165507,0.890608010704601,0.877484508252979,0.891141063252441,1,0.051,1,0.051,1,0.049,1,0.05,1,0.048
0.875916084836285,0.87580461580002,0.893345890288999,0.876442043754086,0.893934707248631,1,0.056,1,0.055,1,0.053,1,0.056,1,0.052
0.880072271832905,0.880330963386702,0.89422835019898,0.88049555278434,0.894380264386216,1,0.052,1,0.051,1,0.048,1,0.051,1,0.048
0.913463476634232,0.913618000189885,0.92564392416301,0.914133726181511,0.925985743216799,1,0.041,1,0.041,0,0.038,1,0.04,0,0.038
0.90365904230666,0.903713378855687,0.916521808769967,0.904021699945758,0.916721238687376,1,0.044,1,0.044,1,0.041,1,0.043,1,0.042
0.873901108672424,0.874206220092815,0.89154899485772,0.874849751907343,0.89216515353884,0,0.056,0,0.056,1,0.051,0,0.056,1,0.051
0.891452285802117,0.891347801485124,0.905875077630129,0.891681713627911,0.906069237403687,1,0.05,1,0.05,1,0.048,1,0.05,1,0.046
0.892971392408315,0.893062362040126,0.908905498247383,0.893219627473119,0.909026493939078,1,0.05,1,0.049,1,0.043,1,0.049,1,0.043
0.85123329718244,0.851466536850976,0.863232077585606,0.851737301133296,0.863484217979358,0,0.065,0,0.065,0,0.064,0,0.066,0,0.063
0.876456012541532,0.876517975426992,0.893948807355841,0.876531097382292,0.893970933549726,1,0.057,1,0.057,1,0.052,1,0.058,1,0.053
0.896876989173444,0.896869004678743,0.913073777849134,0.897058583250446,0.913224050124179,1,0.043,1,0.044,1,0.041,1,0.044,1,0.04
0.884781669372314,0.885265134665267,0.902851713551351,0.885459179895288,0.902989562521741,1,0.051,1,0.051,1,0.049,1,0.051,1,0.05
0.859859751372107,0.860030080556042,0.881330852792612,0.860629915436414,0.881788512741297,0,0.066,0,0.066,1,0.06,0,0.066,1,0.06
0.901574196794847,0.901698886162803,0.915342509224315,0.901942790326236,0.915566903812026,1,0.044,1,0.044,1,0.041,1,0.045,1,0.04
0.893955323193916,0.893834919388867,0.908321362783608,0.89416721299204,0.90866157136868,1,0.047,1,0.047,1,0.045,1,0.047,1,0.045
0.881490728718074,0.881714906134995,0.896837161616644,0.881967755041336,0.897080295415034,1,0.049,1,0.05,1,0.046,1,0.049,1,0.046
0.877783889124233,0.877799635359134,0.892438119284224,0.87816158125693,0.892851828081541,1,0.055,1,0.055,1,0.051,1,0.054,1,0.051
0.886534094603367,0.88704097208021,0.903068648118114,0.887451336888972,0.903416933336896,1,0.05,1,0.05,1,0.047,1,0.049,1,0.047
0.8660048484014,0.866087377591718,0.88243223969906,0.866717630469839,0.8830881578876,0,0.056,0,0.055,1,0.054,0,0.055,1,0.053
0.89795707200158,0.897932548840936,0.91239433026385,0.898229677036925,0.912701366267494,1,0.045,1,0.045,1,0.042,1,0.045,1,0.041
0.874573435880627,0.874878981215279,0.889337852287759,0.875188482344357,0.889643310823012,0,0.054,0,0.054,1,0.053,0,0.054,1,0.052
0.907474542202724,0.907449978774725,0.917004526408876,0.907787119823517,0.917263269924171,1,0.038,1,0.038,1,0.037,1,0.039,1,0.037
0.880718453012737,0.880849807857688,0.897200076804494,0.88128449700035,0.897615924096604,1,0.05,1,0.052,1,0.049,1,0.052,1,0.048
0.892505311090992,0.892323887228995,0.904624825285416,0.892777525437031,0.904995923900573,1,0.044,1,0.045,1,0.043,1,0.044,1,0.042
0.889468078551498,0.8894791012644,0.90440653026104,0.889662955548488,0.904515379666494,1,0.055,1,0.055,1,0.053,1,0.055,1,0.054
0.873719310063784,0.873499462385922,0.887055159681461,0.87414212621413,0.88761990095273,0,0.054,0,0.054,1,0.052,0,0.054,1,0.052
0.895227754474087,0.895314246454858,0.910033896600922,0.895412797690083,0.910115297284127,1,0.046,1,0.046,1,0.042,1,0.046,1,0.041
0.886647498159122,0.886605016934307,0.901320709489915,0.887120628376971,0.90172085769761,1,0.047,1,0.047,1,0.044,1,0.046,1,0.044
0.894919201270394,0.895004048207735,0.906619571171164,0.895108599506551,0.906693326388523,1,0.042,1,0.041,1,0.04,1,0.041,1,0.04
0.876131748686096,0.876208009339572,0.892555961565216,0.876495528522198,0.892875572358098,1,0.054,1,0.054,1,0.051,1,0.053,1,0.051
0.898332426436733,0.89866155728509,0.912639895288244,0.898966424452765,0.912929440418027,1,0.043,1,0.043,1,0.04,1,0.042,1,0.04
0.88911063755821,0.889237258002464,0.906072793693322,0.889440998507514,0.906180510279177,1,0.05,1,0.049,1,0.047,1,0.049,1,0.047
0.885342807028018,0.885338069418713,0.901343631126995,0.885707633088372,0.901560887009042,1,0.049,1,0.05,1,0.048,1,0.049,1,0.047
0.885729915049964,0.885773248399005,0.90270965131156,0.885873984883064,0.902887314984878,1,0.051,1,0.051,1,0.048,1,0.051,1,0.048
0.892607743547754,0.892860612056313,0.908436215176337,0.893076307469478,0.908650064989332,1,0.05,1,0.05,1,0.046,1,0.049,1,0.045
0.88366273270543,0.883974721065081,0.897606220556983,0.884509426692045,0.898029165469478,1,0.05,1,0.05,1,0.048,1,0.049,1,0.047
0.885874486396817,0.88577372666943,0.901688859770108,0.886443189839324,0.902158105017254,1,0.05,1,0.05,1,0.047,1,0.048,1,0.046
0.883687573774918,0.883782666334253,0.901266217699916,0.88411734265535,0.901532020659914,1,0.057,1,0.057,1,0.051,1,0.056,1,0.051
0.870962927164896,0.870810385393929,0.888981245166705,0.871197814207973,0.889560442625778,0,0.06,0,0.06,1,0.056,0,0.06,1,0.055
0.871827421789869,0.872111795862774,0.88969184164563,0.873129778749866,0.890406586894002,0,0.057,0,0.057,1,0.051,0,0.056,1,0.05
0.864479720764926,0.864596069468493,0.881089953737156,0.864663522166566,0.88114784229863,0,0.06,0,0.06,1,0.055,0,0.061,1,0.056
0.889147672034239,0.889486604715371,0.902726891053013,0.890009528726417,0.903060838507121,1,0.051,1,0.05,1,0.047,1,0.049,1,0.048
0.884306360813738,0.884224233085691,0.899725765111506,0.884540243331797,0.900031360204444,1,0.051,1,0.051,1,0.047,1,0.051,1,0.047
0.890647661431549,0.890491846013462,0.902817550756748,0.890953412109915,0.90320760961572,1,0.048,1,0.048,1,0.044,1,0.048,1,0.044
0.871483153351622,0.871515216009858,0.889477711155036,0.871995821066164,0.889876082890653,0,0.054,0,0.053,1,0.05,0,0.053,1,0.05
0.885085127501583,0.885085683420309,0.902023741173984,0.885636086267558,0.902516573462859,1,0.051,1,0.051,1,0.048,1,0.05,1,0.048
0.867734117250284,0.868315894728516,0.885342182418757,0.86841629013159,0.885455415056317,0,0.06,0,0.061,1,0.056,0,0.062,1,0.056
0.88289255060566,0.883128822840325,0.900213724641709,0.883412507568174,0.900442044541919,1,0.05,1,0.05,1,0.047,1,0.05,1,0.047
0.870314929200689,0.870458776988776,0.885409073273196,0.870857910635407,0.885647103466988,0,0.055,0,0.055,1,0.056,0,0.055,1,0.055
0.879366509296876,0.879607426905491,0.899940129116332,0.879878022103142,0.900168187199342,1,0.055,1,0.055,1,0.05,1,0.055,1,0.05
0.886165834785703,0.886136851273235,0.90135230952467,0.886376543480743,0.901489869948907,1,0.05,1,0.05,1,0.046,1,0.05,1,0.047
0.896219219575392,0.896385725840706,0.910158603783832,0.896406095423855,0.9101917469243,1,0.042,1,0.042,1,0.041,1,0.043,1,0.041
0.883140568281854,0.883291048152198,0.898252022393066,0.883807738459292,0.898687808151358,1,0.051,1,0.051,1,0.047,1,0.051,1,0.047
0.885129051073603,0.8853875244499,0.903330559938438,0.885666646918495,0.903609843571323,1,0.053,1,0.053,1,0.049,1,0.052,1,0.049
0.889867303196757,0.889939817603018,0.904567281989557,0.890182147614525,0.904759531446243,1,0.05,1,0.05,1,0.046,1,0.05,1,0.046
0.879163833674306,0.879569244871195,0.892593814844492,0.880037065902571,0.892934967479501,1,0.051,1,0.051,1,0.048,1,0.05,1,0.048
0.883340023711947,0.883398205588035,0.899195827997087,0.883827225982901,0.899561838507324,1,0.052,1,0.052,1,0.048,1,0.052,1,0.047
0.870263709255006,0.870454121149565,0.886067061273418,0.870886116387655,0.886503948377782,0,0.055,0,0.055,1,0.052,0,0.055,1,0.052
0.903895891978277,0.904009019306157,0.916381675180586,0.904044662893313,0.916423164551413,1,0.04,1,0.04,1,0.037,1,0.04,1,0.037
0.876304582773818,0.876096463165628,0.891567944038234,0.87661621246073,0.892185191662358,1,0.056,1,0.056,1,0.052,1,0.055,1,0.051
0.883617685058951,0.883644643889495,0.897447289531729,0.883812195243029,0.897577535875055,1,0.048,1,0.048,1,0.045,1,0.048,1,0.045
0.894897977493397,0.894910818338733,0.907755947265294,0.895590311213507,0.908348430001542,1,0.048,1,0.048,1,0.046,1,0.048,1,0.046
0.872946621463389,0.872927503657315,0.889841517424313,0.873199613892327,0.890090937261979,0,0.056,0,0.056,1,0.052,0,0.056,1,0.051
0.873235975498534,0.873444215515157,0.886128410382629,0.87411078526425,0.886707911582202,0,0.052,0,0.052,1,0.048,0,0.05,1,0.047
0.863495604009106,0.863549409857839,0.88055367112453,0.863882121891478,0.881003558519628,0,0.057,0,0.056,1,0.054,0,0.057,1,0.053
0.886576840758155,0.886411862757039,0.904561927267867,0.886829440033307,0.90485266897994,1,0.052,1,0.052,1,0.046,1,0.052,1,0.047
0.882666854671931,0.882909074741524,0.89945697770291,0.883049572103497,0.899643049255666,1,0.052,1,0.052,1,0.047,1,0.052,1,0.047
0.874541601954218,0.874574192383522,0.891967155681826,0.874837028925234,0.892255366605351,1,0.058,1,0.058,1,0.056,1,0.057,1,0.055
0.885523850046961,0.885605419387013,0.89947228201551,0.885838088987061,0.899702861450263,1,0.051,1,0.051,1,0.047,1,0.051,1,0.048
0.889451892981905,0.889439575356434,0.905375916126349,0.889620040763427,0.905620976987239,1,0.048,1,0.048,1,0.044,1,0.047,1,0.044
0.884176821109482,0.884314013044234,0.897110282436059,0.885243094887684,0.898277627176745,1,0.054,1,0.053,1,0.048,1,0.053,1,0.048
0.903801569471294,0.903862676296154,0.91730415904823,0.904001970307336,0.91745605255216,1,0.041,1,0.042,1,0.04,1,0.041,1,0.04
0.895185877466251,0.895262294273544,0.91256158202705,0.895391210772966,0.912632452678697,1,0.05,1,0.05,1,0.046,1,0.05,1,0.047
0.858736917847573,0.858852357278384,0.875580467871368,0.859083259741826,0.875723378879301,0,0.063,0,0.063,1,0.06,0,0.063,1,0.059
0.872582374883127,0.872529190200869,0.889724637125401,0.872697622210456,0.88989005290346,0,0.056,0,0.058,1,0.054,0,0.058,1,0.054
0.866802609406359,0.86677968163755,0.880839839907448,0.867067234337607,0.881003207299958,0,0.055,0,0.055,1,0.051,0,0.056,1,0.051
0.87274420903552,0.872974494303661,0.891348930286275,0.873156780499558,0.891459562744348,0,0.056,0,0.057,1,0.055,0,0.057,1,0.054
0.892993872978824,0.893591383461988,0.908323582642571,0.893999314749424,0.908672370829439,1,0.048,1,0.048,1,0.044,1,0.048,1,0.044
0.883065735648539,0.883452426738418,0.899280765325562,0.88377707754101,0.899554301564068,1,0.049,1,0.049,1,0.044,1,0.05,1,0.044
0.895309291413804,0.895328783353723,0.909099202746662,0.895365598821527,0.909126734639347,1,0.048,1,0.048,1,0.046,1,0.048,1,0.046
0.906130072317372,0.906254286719138,0.9200001148769,0.906548558041895,0.920275253490465,1,0.043,1,0.044,1,0.04,1,0.043,1,0.039
0.890797427755107,0.89053687591203,0.910530041188185,0.891239015449571,0.911102899527639,1,0.053,1,0.053,1,0.047,1,0.053,1,0.046
0.887738646094822,0.887563266314983,0.902735815298369,0.88808500250236,0.903072565992621,1,0.051,1,0.052,1,0.046,1,0.05,1,0.046
0.886637352342562,0.886526226156268,0.89750508274779,0.886953087460695,0.897877812770603,1,0.043,1,0.044,1,0.04,1,0.043,1,0.04
0.894346295954995,0.89473809981191,0.911196574564499,0.89507861913352,0.911527045112586,1,0.047,1,0.047,1,0.044,1,0.046,1,0.043
0.866886272771474,0.867119794639377,0.88274747225453,0.867840091355416,0.883410731604118,0,0.063,0,0.064,1,0.059,0,0.064,1,0.058
0.890224461495201,0.890384418108761,0.906319622344346,0.890574058518696,0.906504049758162,1,0.047,1,0.047,1,0.043,1,0.046,1,0.042
0.898209889824982,0.898270695080427,0.913526585287753,0.898583684451625,0.913754190685684,1,0.045,1,0.045,1,0.041,1,0.045,1,0.041
0.866312286877987,0.866329015471673,0.883396409268145,0.866534778321823,0.883574741803876,0,0.061,0,0.061,1,0.058,0,0.061,1,0.057
0.880139333458859,0.880382870348299,0.896027387454689,0.880535264028258,0.896147199230245,1,0.054,1,0.053,1,0.051,1,0.054,1,0.05
0.897078954474194,0.897127686594579,0.912606726291225,0.897493516755643,0.912819034004435,1,0.047,1,0.047,1,0.043,1,0.047,1,0.043
0.885163845566712,0.885133139225874,0.900269077671013,0.885528850952899,0.900671799823949,1,0.049,1,0.049,1,0.045,1,0.048,1,0.044
0.884409575464548,0.884206819100641,0.89834557352362,0.884812684986729,0.898786643945852,1,0.052,1,0.052,1,0.05,1,0.052,1,0.049
0.884696555522107,0.884714674907822,0.901399624910029,0.88520981074087,0.901872786480807,1,0.047,1,0.048,1,0.043,1,0.047,1,0.043
0.886476607533849,0.88655582849014,0.902330118466368,0.886838366631322,0.90259258445099,1,0.05,1,0.05,1,0.046,1,0.05,1,0.045
0.887302180623489,0.887322193950301,0.899614442177245,0.887464902710607,0.899779538856612,1,0.051,1,0.051,1,0.05,1,0.052,1,0.049
0.901546044559082,0.901432989820764,0.913590503646927,0.902136943160077,0.914303652615764,1,0.044,1,0.044,1,0.043,1,0.044,1,0.042
0.882021803744477,0.882277149553153,0.895142744117857,0.882429354633138,0.895430752560134,1,0.053,1,0.052,1,0.05,1,0.051,1,0.05
0.889105510174542,0.889255329816339,0.903374106315863,0.88950995188028,0.903641709475569,1,0.047,1,0.047,1,0.043,1,0.047,1,0.043
0.89028802823123,0.890496909086362,0.901766953701369,0.890729396854187,0.902012833798127,1,0.049,1,0.049,1,0.047,1,0.049,1,0.047
0.874367798898281,0.874271785663292,0.893147177682444,0.875024405723922,0.893721231370351,0,0.058,1,0.058,1,0.054,1,0.058,1,0.052
0.885199326221224,0.88511809245259,0.898260539858812,0.885491180433199,0.898675081027199,1,0.052,1,0.053,1,0.047,1,0.052,1,0.047
0.87537158492175,0.875432838580201,0.894160613930041,0.875600516970257,0.894278871825383,1,0.055,1,0.054,1,0.051,1,0.055,1,0.051
0.870149099943934,0.870270608073593,0.883123891609155,0.87074645204228,0.883515328893114,0,0.053,0,0.053,1,0.053,0,0.054,1,0.051
0.898286286160594,0.898288064579206,0.914697687753468,0.898394253128764,0.91483043039679,1,0.046,1,0.046,1,0.043,1,0.046,1,0.043
0.857679900973947,0.857450572548304,0.873677301348906,0.858418372349228,0.874662545337377,0,0.061,0,0.061,1,0.058,0,0.062,1,0.058
0.905444411741132,0.905320891822305,0.921222208368341,0.905603335184079,0.921375760509456,1,0.043,1,0.044,1,0.041,1,0.043,1,0.041
0.889040749168259,0.889125477128312,0.904480747006807,0.889230932755597,0.904563123185026,1,0.048,1,0.048,1,0.046,1,0.048,1,0.046
0.896119855065042,0.896127326395298,0.910139839687395,0.896429583660856,0.910368432458357,1,0.044,1,0.044,1,0.039,1,0.043,1,0.039
0.87905596386512,0.879628369395517,0.895488068500834,0.879682263189728,0.895498362528058,1,0.051,1,0.051,1,0.048,1,0.051,1,0.048
0.892949244220185,0.892925420095159,0.910320191057436,0.893171162996153,0.910594146003739,1,0.049,1,0.049,1,0.047,1,0.049,1,0.046
0.887680646582922,0.888107423436456,0.902991623702781,0.888600310768095,0.903435053098835,1,0.053,1,0.053,1,0.051,1,0.052,1,0.049
0.879328066914498,0.879550669661376,0.893102918167192,0.879778400406176,0.893293523875818,1,0.055,1,0.055,1,0.054,1,0.055,1,0.055
0.87281577146217,0.872785621412539,0.889670665335174,0.873021815220557,0.88994539115983,0,0.052,0,0.052,1,0.048,0,0.052,1,0.048
0.906144284783216,0.906236288171942,0.918345592212022,0.906487966903376,0.918595637358402,1,0.041,1,0.041,1,0.039,1,0.041,1,0.039
0.888033295868689,0.887961559240272,0.904472913346709,0.888205815922386,0.904673146253916,1,0.05,1,0.051,1,0.046,1,0.051,1,0.045
0.887580408851832,0.887449662663375,0.901041405963592,0.887774425523203,0.901375900372822,1,0.048,1,0.048,1,0.046,1,0.048,1,0.045
0.889751928300885,0.890297128947874,0.906933357937741,0.89059442439008,0.907173857892195,1,0.047,1,0.046,1,0.044,1,0.045,1,0.044
0.876227738769335,0.876105510514946,0.887796332271449,0.876585230185939,0.88821220393523,0,0.053,0,0.052,1,0.048,0,0.052,1,0.048
0.885704468551915,0.885817396084702,0.900999072206877,0.886188837326825,0.901280133515122,1,0.05,1,0.05,1,0.045,1,0.05,1,0.045
0.878789822247126,0.878788103609835,0.891125910169231,0.878989945435192,0.891331366984708,1,0.053,1,0.053,1,0.049,1,0.052,1,0.05
0.871673691999245,0.872127611930684,0.884651890405712,0.872941751731499,0.885338458614479,0,0.054,0,0.054,1,0.052,0,0.054,1,0.051
0.881800176056338,0.881752065497865,0.893072825093029,0.881966066765701,0.893327649793629,1,0.048,1,0.049,1,0.046,1,0.048,1,0.046
0.878521506686909,0.878637597204588,0.894202573042646,0.879102928201591,0.894633846013484,1,0.055,1,0.054,1,0.051,1,0.054,1,0.051
0.872920109394177,0.872946521270365,0.888922200401727,0.873237819033772,0.889112528470329,0,0.058,0,0.058,1,0.054,0,0.057,1,0.053
0.893698617611267,0.894405658118025,0.906736413037744,0.894562809779641,0.906826672234585,1,0.048,1,0.047,1,0.043,1,0.047,1,0.043
0.885147223143023,0.885190146533429,0.902724248235026,0.88544654312451,0.903061682205266,1,0.053,1,0.053,1,0.047,1,0.053,1,0.048
0.884180164396515,0.884816954718972,0.896164764590758,0.885698858880639,0.896709527118946,1,0.048,1,0.049,1,0.046,1,0.049,1,0.046
0.906644123401235,0.906894901804556,0.921469604519838,0.90696006017722,0.921537591284808,1,0.042,1,0.042,0,0.038,1,0.041,0,0.039
0.879648911008092,0.879774153218854,0.896459768478533,0.880946934741988,0.897458524569075,1,0.052,1,0.051,1,0.049,1,0.05,1,0.047
0.896739665129537,0.896925564477619,0.908666365031223,0.897107672140414,0.908768359949054,1,0.047,1,0.047,1,0.044,1,0.048,1,0.044
0.881876299176836,0.882133214771288,0.894475768480382,0.882453000560325,0.89472169926504,1,0.049,1,0.049,1,0.048,1,0.049,1,0.048
0.857174426428487,0.857663616245578,0.873223268493169,0.857900406776661,0.873376830700923,0,0.063,0,0.062,1,0.06,0,0.061,1,0.06
0.874816715888397,0.874820765372572,0.891002733235857,0.875099962965513,0.891259192798779,0,0.056,0,0.056,1,0.051,0,0.057,1,0.052
0.888644911260845,0.888639638890635,0.90178513339153,0.888796584724811,0.901978970078506,1,0.045,1,0.046,1,0.043,1,0.045,1,0.043
0.894070876085026,0.893943404310707,0.9084500656644,0.895006448868883,0.909422731449406,1,0.048,1,0.048,1,0.046,1,0.047,1,0.045
0.906519260358969,0.906581189164766,0.919465733138092,0.906732906536348,0.919559514901727,1,0.04,1,0.04,1,0.038,1,0.039,1,0.037
0.899237393055056,0.899117530855336,0.913650928784706,0.899434039431473,0.914012330387307,1,0.045,1,0.045,1,0.042,1,0.045,1,0.041
0.869761369233551,0.869854854692572,0.886836450104267,0.870158905367634,0.88712629903842,0,0.055,0,0.055,1,0.049,0,0.054,1,0.049
0.883504252600457,0.883602511646693,0.902126179299685,0.884009589403922,0.902510431054126,1,0.053,1,0.053,1,0.049,1,0.053,1,0.049
0.878068832071901,0.878043440295916,0.892132415353755,0.878194819706487,0.892265314498783,1,0.056,1,0.057,1,0.053,1,0.057,1,0.053
0.870625189796538,0.871067351151226,0.88772259036315,0.871419217343385,0.88794659114399,0,0.057,0,0.056,1,0.053,0,0.057,1,0.054
0.866945559558826,0.867012042943625,0.888497542815839,0.867295748713066,0.888726907472998,0,0.059,0,0.059,1,0.056,0,0.059,1,0.055
0.895006621149555,0.895034804619857,0.911875282504272,0.895061396605846,0.911893716064027,1,0.045,1,0.045,1,0.042,1,0.045,1,0.043
0.889689776529639,0.889798196897751,0.902860897019104,0.890377519262152,0.903292532266248,1,0.048,1,0.048,1,0.044,1,0.048,1,0.043
0.888058035595835,0.888386111259963,0.90377796726707,0.889197979403421,0.904440477193915,1,0.052,1,0.052,1,0.05,1,0.051,1,0.05
0.895576686036274,0.895757564925789,0.911852886048403,0.896000744245304,0.91207396531785,1,0.047,1,0.046,1,0.04,1,0.045,1,0.039
0.884911069298495,0.885060894518032,0.900678354213322,0.885285426529278,0.900860950685796,1,0.05,1,0.05,1,0.046,1,0.05,1,0.047
0.879321244179912,0.879277892879645,0.896931253750984,0.879997842523102,0.897492367846979,1,0.054,1,0.054,1,0.052,1,0.054,1,0.05
0.88674239991949,0.886795615156678,0.89894363432443,0.887027781785491,0.899243682488221,1,0.047,1,0.047,1,0.044,1,0.048,1,0.044
0.878873187157382,0.878852296292492,0.891675707134565,0.879187251961925,0.891810392681631,1,0.056,1,0.056,1,0.054,1,0.055,1,0.054
0.873905049733255,0.874290191867245,0.897532380131391,0.874712007668001,0.897877143626336,1,0.062,1,0.062,1,0.054,1,0.062,1,0.054
0.893912809427574,0.894042213518058,0.906799996677126,0.89410547349538,0.906805524093808,1,0.048,1,0.048,1,0.046,1,0.048,1,0.047
0.877359938603223,0.877202859683125,0.892598296220292,0.877554756139324,0.892843089966071,1,0.059,1,0.059,1,0.055,1,0.059,1,0.055
0.872384654906285,0.872866282288239,0.889065650128923,0.873770843347249,0.889751555632815,0,0.056,0,0.055,1,0.049,0,0.055,1,0.048
0.86353052012697,0.86367782671377,0.87899589510954,0.864145521215556,0.879417189963605,0,0.061,0,0.062,1,0.058,0,0.062,1,0.057
0.885692717810404,0.885871239181477,0.898586373674478,0.886236906516403,0.89884593313333,1,0.053,1,0.053,1,0.049,1,0.052,1,0.049
0.866250252833397,0.866612192463156,0.883323577340493,0.86720611799368,0.883877930394966,0,0.055,0,0.054,1,0.052,0,0.054,1,0.052
0.856037866304965,0.85617305842953,0.872004336292183,0.856504478089561,0.872166897008465,0,0.063,0,0.064,0,0.058,0,0.062,0,0.058
0.876044437264304,0.876543078129999,0.8883211525498,0.876969438227557,0.888793663574002,1,0.055,1,0.054,1,0.054,1,0.053,1,0.054
0.890437958798721,0.890428157308386,0.907042546086801,0.89054296200111,0.907203923137833,1,0.049,1,0.049,1,0.045,1,0.049,1,0.045
0.881506212492604,0.882241211142887,0.895833343619174,0.882812756960369,0.896315671824581,1,0.05,1,0.05,1,0.046,1,0.049,1,0.045
0.908081977138708,0.908189677776309,0.919702055953999,0.908220631786034,0.919755900944572,1,0.041,1,0.041,1,0.038,1,0.041,1,0.039
0.898704362909922,0.898739841284813,0.912218090148143,0.898881766527408,0.912384279209254,1,0.046,1,0.047,1,0.044,1,0.046,1,0.044
0.863177797659509,0.863219798002704,0.879304980885214,0.863928185570334,0.879986272833015,0,0.066,0,0.066,1,0.06,0,0.065,1,0.06
0.86271808234434,0.862557411706797,0.879947940217492,0.862949310935478,0.880304272256813,0,0.064,0,0.064,1,0.062,0,0.063,1,0.062
0.880509971225091,0.880560513723069,0.897147191733884,0.880690002811288,0.897301514025407,1,0.055,1,0.056,1,0.051,1,0.055,1,0.051
0.887237976673749,0.887329766323202,0.904939567955747,0.887712782323024,0.905316111330179,1,0.053,1,0.053,1,0.05,1,0.053,1,0.049
0.899308377623308,0.899599790133024,0.915785304436239,0.900004904924687,0.916136993215559,1,0.047,1,0.047,1,0.042,1,0.046,1,0.042
0.885360635696822,0.885292910231623,0.898868519531143,0.885555240995974,0.899135132498719,1,0.05,1,0.05,1,0.047,1,0.05,1,0.047
0.90105721447733,0.901065486913163,0.915874207788028,0.901315095919848,0.916156848749646,1,0.045,1,0.045,1,0.041,1,0.045,1,0.041
0.87681977745984,0.877209927880387,0.892097308569949,0.877546561182423,0.892391148286188,1,0.06,1,0.059,1,0.056,1,0.059,1,0.056
0.865577947262848,0.865704668293364,0.878803432586852,0.865826818950623,0.878994737740153,0,0.057,0,0.057,1,0.057,0,0.058,1,0.057
0.889465394237006,0.889545662975696,0.904911276010152,0.88960584252952,0.905010133648361,1,0.05,1,0.051,1,0.048,1,0.052,1,0.05
0.893498050155945,0.893558979520463,0.908386002369428,0.893732138498769,0.908496090048359,1,0.049,1,0.049,1,0.045,1,0.049,1,0.045
0.90018678762206,0.900236372286383,0.911107405372047,0.900899825263627,0.911732000175702,1,0.044,1,0.044,1,0.043,1,0.044,1,0.043
0.868166508595355,0.868460850912393,0.882942307912137,0.868577861447349,0.883044488976492,0,0.057,0,0.057,1,0.056,0,0.056,1,0.056
0.879895257697079,0.879615613734273,0.892083929894558,0.880229834510191,0.892546252110126,1,0.055,1,0.056,1,0.053,1,0.055,1,0.052
0.894706021164171,0.894478000564641,0.909282048330495,0.895139497515956,0.90986452183367,1,0.048,1,0.048,1,0.043,1,0.048,1,0.043
0.885995226684728,0.88581336175408,0.903012463913217,0.886637406480653,0.903769583160955,1,0.051,1,0.051,1,0.047,1,0.051,1,0.046
0.898874619184532,0.899145327341743,0.91234366101126,0.899430039005649,0.912631669386468,1,0.047,1,0.047,1,0.044,1,0.046,1,0.044
0.898186993370535,0.898302858841577,0.911970007254614,0.898370609165154,0.912029675464116,1,0.046,1,0.045,1,0.043,1,0.046,1,0.043
0.876388905970367,0.876249507879667,0.891275256327623,0.877625105696874,0.89227719749188,1,0.057,1,0.058,1,0.053,1,0.056,1,0.052
0.883094255065591,0.883237973022503,0.89739803417405,0.883386788803982,0.897559445374182,1,0.049,1,0.05,1,0.046,1,0.049,1,0.046
0.904756111351181,0.904736925365167,0.921384863095171,0.904848062638419,0.921494060533471,1,0.044,1,0.044,0,0.039,1,0.044,0,0.039
0.896601938650516,0.89655524560434,0.907266147532649,0.896955573110368,0.907676484726259,1,0.045,1,0.045,1,0.042,1,0.045,1,0.041
0.881021835061077,0.881075473706998,0.896093391540086,0.881400080961839,0.896408030413195,1,0.053,1,0.054,1,0.051,1,0.053,1,0.051
0.901329059265618,0.901866774569689,0.915451981012826,0.901938357370195,0.915540520489326,1,0.04,1,0.039,1,0.036,1,0.04,1,0.036
0.883012285180833,0.883204686976201,0.899143218146607,0.883231641086511,0.899210815009359,1,0.052,1,0.052,1,0.048,1,0.052,1,0.048
0.885052549746707,0.885073176845971,0.899444683001536,0.885269475727215,0.899732985484208,1,0.054,1,0.054,1,0.052,1,0.054,1,0.051
0.896312949640288,0.896688971037355,0.910901823199798,0.897075425751364,0.911273469241915,1,0.047,1,0.047,1,0.044,1,0.046,1,0.044
0.900685056235312,0.900976773379048,0.915566098225278,0.901213488037293,0.91580820956217,1,0.043,1,0.042,1,0.04,1,0.042,1,0.039
0.895938630589545,0.896312505581047,0.910021470657687,0.896369713954531,0.910074116903607,1,0.045,1,0.045,1,0.043,1,0.045,1,0.043
0.87928670266092,0.879310950177077,0.893441871258668,0.879743271510543,0.893822443092754,1,0.053,1,0.053,1,0.05,1,0.052,1,0.05
0.902578766720534,0.902738344386004,0.915776189544039,0.903285666842525,0.916279333430762,1,0.042,1,0.042,1,0.041,1,0.041,1,0.041
0.880001759461996,0.880205875244547,0.892697885180197,0.880356631356639,0.892881278595751,1,0.048,1,0.048,1,0.046,1,0.048,1,0.047
0.868154806973284,0.868839345717151,0.887800165500096,0.869242780015666,0.887959107668815,0,0.061,0,0.061,1,0.057,0,0.06,1,0.057
0.868597396460409,0.86874309685573,0.886811037711745,0.868879593676516,0.88688498479724,0,0.059,0,0.059,1,0.055,0,0.059,1,0.055
0.884363867733756,0.884492625081059,0.897825697228108,0.884688757202318,0.897975237542955,1,0.047,1,0.047,1,0.045,1,0.047,1,0.044
0.87850505494489,0.878508528084486,0.892072984092898,0.878720006194535,0.892225851174906,1,0.052,1,0.053,1,0.05,1,0.052,1,0.049
0.887667361430035,0.888269963078263,0.910155035648603,0.888523470405578,0.910291673397848,1,0.054,1,0.054,1,0.049,1,0.054,1,0.05
0.895208283168794,0.895408443233349,0.907454438504294,0.895469604822453,0.907570946509512,1,0.045,1,0.046,1,0.044,1,0.046,1,0.045
0.890490449542004,0.890590839903921,0.900566067866283,0.890834944879015,0.900822255022428,1,0.047,1,0.047,1,0.046,1,0.047,1,0.046
0.872151195894594,0.872280168229639,0.886274003361072,0.872295812404053,0.886394726582739,0,0.056,0,0.056,1,0.051,0,0.056,1,0.052
0.883013797212288,0.883021801298822,0.90132769311606,0.883134061078387,0.901432087800138,1,0.051,1,0.051,1,0.047,1,0.051,1,0.046
0.892267030620897,0.892378332980914,0.903939532785806,0.892435494344928,0.903989138905548,1,0.045,1,0.045,1,0.044,1,0.045,1,0.044
0.914329179203013,0.914412605990048,0.928193692633314,0.914467901041776,0.928260556427191,1,0.037,1,0.037,0,0.034,1,0.037,0,0.034
0.893949656585324,0.893933585732156,0.909364257584062,0.894239382542896,0.909609622467916,1,0.044,1,0.044,1,0.041,1,0.044,1,0.041
0.880465543004206,0.880952390110642,0.898808253137618,0.881204420481243,0.899058276303147,1,0.055,1,0.055,1,0.052,1,0.055,1,0.051
0.883387690980369,0.883465140495394,0.897596308809969,0.883952826964311,0.897816196668157,1,0.05,1,0.051,1,0.047,1,0.05,1,0.047
0.881998140373224,0.881864467082749,0.8960241762809,0.882640651006428,0.896878441186015,1,0.054,1,0.055,1,0.051,1,0.054,1,0.05
0.900349258484473,0.900334265276537,0.916357776653133,0.900553391218483,0.916567236225016,1,0.044,1,0.043,1,0.04,1,0.043,1,0.039
0.883092101848719,0.882930789824358,0.898125181588021,0.883714316879806,0.898699425416228,1,0.053,1,0.053,1,0.049,1,0.052,1,0.049
0.897286088856004,0.897426897247339,0.913456559299036,0.897510199848633,0.913586262662814,1,0.044,1,0.045,1,0.04,1,0.045,1,0.04
0.877800187888395,0.878022419389856,0.895912958634612,0.878775761651189,0.896430222247982,1,0.057,1,0.057,1,0.053,1,0.056,1,0.052
0.873700735508745,0.873861366503423,0.893139639199763,0.873905613530256,0.893173833330414,0,0.059,0,0.059,1,0.055,0,0.06,1,0.054
0.89261717425687,0.892602218817239,0.905081876377871,0.892803560128489,0.905318083751012,1,0.046,1,0.047,1,0.044,1,0.046,1,0.045
0.880071009328864,0.880079973559377,0.895082945639761,0.880348570816714,0.895375479295912,1,0.054,1,0.055,1,0.05,1,0.053,1,0.05
0.900955752212389,0.901026017523523,0.916608873490989,0.901036228020344,0.916644509719793,1,0.047,1,0.047,1,0.043,1,0.047,1,0.043
0.863964147484213,0.863786680549629,0.878966105602926,0.864779013108116,0.879714407918284,0,0.057,0,0.058,1,0.053,0,0.056,1,0.052
0.856905788601959,0.856812351388385,0.873984455533442,0.85724682931314,0.87433041498489,0,0.067,0,0.067,1,0.064,0,0.066,1,0.063
0.869913126976561,0.869984578686651,0.881455542718667,0.870035815798065,0.881482937897438,0,0.055,0,0.055,1,0.056,0,0.055,1,0.055
0.889474576884541,0.889861350824369,0.906301002860887,0.89005322602577,0.906480271367645,1,0.05,1,0.05,1,0.045,1,0.05,1,0.046
0.879635193947522,0.879784813229293,0.892144382988086,0.87997303528831,0.892261671749421,1,0.055,1,0.055,1,0.052,1,0.055,1,0.052
0.887129271734915,0.887443153608945,0.899425875465057,0.887571530758503,0.899577757505301,1,0.047,1,0.046,1,0.046,1,0.046,1,0.045
0.887979307089017,0.887994512072037,0.900897603825967,0.888179197532189,0.901016301566883,1,0.05,1,0.05,1,0.049,1,0.05,1,0.049
0.865287041141361,0.865172143497323,0.882601435130299,0.865617684032638,0.882907184437415,0,0.063,0,0.063,1,0.059,0,0.062,1,0.058
0.882050176581204,0.882150678279994,0.897538399835487,0.882205169291774,0.897624342129901,1,0.05,1,0.05,1,0.046,1,0.05,1,0.046
0.885530887566312,0.88592216136445,0.901247803448748,0.886591055756506,0.901655687442981,1,0.049,1,0.048,1,0.047,1,0.048,1,0.047
0.894934775041394,0.894979292819301,0.911322328299612,0.895235090489347,0.911517604956906,1,0.048,1,0.048,1,0.045,1,0.047,1,0.045
0.862653294325104,0.862607374484557,0.879542643035932,0.862789715017359,0.879823338769581,0,0.058,0,0.059,1,0.056,0,0.058,1,0.056
0.881446080975251,0.881615200756019,0.896646572708699,0.881993721104233,0.896995955955896,1,0.053,1,0.053,1,0.049,1,0.053,1,0.049
0.889556480486932,0.88987340717774,0.905126815760436,0.889914223725508,0.905178010621818,1,0.046,1,0.046,1,0.042,1,0.046,1,0.042
0.884175071275182,0.884191755149397,0.902584564437211,0.88421354789814,0.902603229306812,1,0.055,1,0.055,1,0.051,1,0.055,1,0.051
0.880461269392566,0.880425061022384,0.891060331238494,0.880856225275897,0.891464566889657,1,0.048,1,0.048,1,0.045,1,0.047,1,0.045
0.892714965564567,0.892632266102985,0.903770976081032,0.893525466427675,0.904591488724328,1,0.044,1,0.045,1,0.042,1,0.045,1,0.042
0.876315667712353,0.876482647856453,0.890344473600221,0.8770930398388,0.890974714427691,0,0.05,0,0.05,1,0.047,0,0.051,1,0.048
0.86127714742465,0.861114583453443,0.878455397051724,0.861472868339602,0.878773479186516,0,0.058,0,0.058,1,0.053,0,0.058,1,0.053
0.862414485273033,0.862607905623142,0.880251260959707,0.862668573814291,0.880295477377746,0,0.063,0,0.063,1,0.06,0,0.062,1,0.06
0.871885064390684,0.871853242993318,0.884848087366314,0.872050313420202,0.885183599644128,0,0.053,0,0.053,1,0.048,0,0.053,1,0.049
0.9063913684873,0.906472910807013,0.918683102733421,0.906571293169116,0.918741168913482,1,0.039,1,0.039,1,0.038,1,0.039,1,0.038
0.87659113767545,0.876641680712534,0.891150888925574,0.876720060299083,0.891311766688748,1,0.05,1,0.051,1,0.047,1,0.051,1,0.047
0.894334257394896,0.894418111145044,0.90699582866358,0.894701535772436,0.907231337897348,1,0.05,1,0.05,1,0.046,1,0.051,1,0.046
0.873912259895764,0.87393640062344,0.889645534742645,0.874016803149346,0.889696548206348,0,0.054,0,0.054,1,0.051,0,0.054,1,0.051
0.896271865848322,0.89738161043755,0.908487841344076,0.897899093838253,0.908915105617554,1,0.042,1,0.042,1,0.039,1,0.042,1,0.038
0.890872817561109,0.890833655472296,0.908010275533059,0.891434173646504,0.908574951507347,1,0.047,1,0.047,1,0.042,1,0.046,1,0.042
0.873631985117883,0.873709776551539,0.892175794224767,0.874282559215975,0.892679155830242,0,0.061,0,0.059,1,0.056,0,0.06,1,0.056
0.889948921936446,0.890229197322715,0.90723799919129,0.890457665391918,0.907402565511833,1,0.049,1,0.049,1,0.046,1,0.048,1,0.046
0.884285088458805,0.884147971753505,0.901417350731842,0.884733227750817,0.901945674514,1,0.052,1,0.052,1,0.047,1,0.051,1,0.047
0.90001696636589,0.900050234661279,0.916622105838077,0.90025192493165,0.916783110590216,1,0.045,1,0.045,1,0.042,1,0.045,1,0.042
0.895481290036025,0.895518868081828,0.909994896036643,0.895811358251873,0.910355328787046,1,0.044,1,0.044,1,0.041,1,0.043,1,0.041
0.894677265823726,0.894664181097517,0.912295985781015,0.894779447758884,0.91236894812912,1,0.049,1,0.049,1,0.044,1,0.049,1,0.044
0.869515992413832,0.869734400338254,0.884819935477821,0.870362994724018,0.88533496511788,0,0.059,0,0.058,1,0.055,0,0.058,1,0.055
0.914414226109606,0.914769620591472,0.927549209899863,0.914905216804909,0.92766191150674,1,0.039,1,0.038,0,0.036,1,0.038,0,0.036
0.888684811345113,0.888703226749943,0.903083669578541,0.888898521202029,0.903334129755078,1,0.048,1,0.048,1,0.045,1,0.047,1,0.045
0.874730289148052,0.875062896012493,0.894368449453495,0.875951720035345,0.895215712563356,0,0.053,0,0.053,1,0.048,0,0.053,1,0.048
0.890099601372508,0.88997500810548,0.905946918141987,0.890375064508411,0.906342959157861,1,0.05,1,0.051,1,0.048,1,0.052,1,0.049
0.890289438408354,0.890653911830464,0.90592936388657,0.89094812265785,0.906223201192382,1,0.048,1,0.049,1,0.046,1,0.049,1,0.046
0.893529791532309,0.893634941366354,0.909609228254926,0.893687631561282,0.909666585346867,1,0.047,1,0.046,1,0.044,1,0.046,1,0.043
0.877262373945013,0.877779164782304,0.892158787926376,0.878433688695796,0.892805933776697,1,0.058,1,0.057,1,0.052,1,0.056,1,0.052
0.893452815388625,0.893460047966717,0.908501613544683,0.893571814502302,0.90860920161324,1,0.047,1,0.047,1,0.045,1,0.048,1,0.044
0.864842213742242,0.865340489786416,0.884590672467065,0.865752784066779,0.885039349928426,0,0.063,0,0.063,1,0.058,0,0.062,1,0.058
0.87200949642531,0.872363519623796,0.891413029076532,0.872740057144326,0.891849945101098,0,0.063,0,0.063,1,0.059,0,0.062,1,0.058
0.880940850765274,0.881024297547403,0.899323809192646,0.881924836877797,0.900217627847757,1,0.057,1,0.057,1,0.053,1,0.056,1,0.052
0.899032988081749,0.899166034584259,0.911487667015126,0.89945967113278,0.911818407791386,1,0.042,1,0.042,1,0.038,1,0.042,1,0.038
0.893718543326374,0.893627478174262,0.909270831847389,0.893857926094309,0.909453692460679,1,0.05,1,0.05,1,0.047,1,0.05,1,0.047
0.906623254228255,0.907140054958303,0.921350432812261,0.907301277825265,0.921504054533295,1,0.041,1,0.042,1,0.04,1,0.043,1,0.04
0.899507023137554,0.899751953917353,0.911455866150505,0.899908540368642,0.911516127089621,1,0.043,1,0.043,1,0.041,1,0.043,1,0.041
0.898342072864894,0.898500408114287,0.912047691578938,0.898948231923988,0.912378886509389,1,0.04,1,0.04,1,0.038,1,0.04,1,0.038
0.864788164689948,0.864765369925566,0.881507120008942,0.864927846138555,0.881795823103248,0,0.061,0,0.06,1,0.057,0,0.061,1,0.058
0.900210307853409,0.900341709677777,0.911294261971505,0.90057303430076,0.911499612985724,1,0.042,1,0.043,1,0.04,1,0.043,1,0.04
0.895153442140687,0.895401072035805,0.909425556028938,0.89562717831324,0.909587221502541,1,0.04,1,0.041,1,0.04,1,0.041,1,0.039
0.887599965260533,0.887773102797823,0.901682544888543,0.888009528117827,0.901884188578867,1,0.049,1,0.05,1,0.048,1,0.049,1,0.048
0.883255428212754,0.883228428404515,0.89778758613312,0.883506052349267,0.898092849239557,1,0.05,1,0.05,1,0.047,1,0.05,1,0.047
0.878763657812726,0.878781174772655,0.894408942198856,0.879084468794094,0.894670508840268,1,0.052,1,0.052,1,0.049,1,0.053,1,0.049
0.882691685550988,0.883037164656062,0.899092171706245,0.883927600523146,0.899820390073754,1,0.056,1,0.056,1,0.051,1,0.053,1,0.05
0.899528742136705,0.899585954120844,0.9153284694209,0.899721261763589,0.915455339418238,1,0.045,1,0.044,1,0.041,1,0.044,1,0.04
0.883609868927731,0.883346418763101,0.898569552164152,0.883927893608311,0.899234835010436,1,0.049,1,0.05,1,0.047,1,0.049,1,0.047
0.886050123251514,0.886159895763675,0.904546959646066,0.886370096498691,0.904741022467506,1,0.055,1,0.055,1,0.052,1,0.055,1,0.052
0.891750743063719,0.891892996718135,0.902717588154142,0.892152038338157,0.90287367061533,1,0.048,1,0.048,1,0.045,1,0.048,1,0.045
0.871918069450941,0.872107836372769,0.888667535502427,0.872593316082677,0.889089678320854,0,0.056,0,0.056,1,0.054,0,0.056,1,0.054
0.883387490574845,0.883790171038329,0.90053252730956,0.884310088772771,0.900954219831582,1,0.049,1,0.049,1,0.046,1,0.048,1,0.045
0.868555543872457,0.8689438262288,0.885985496977402,0.869502861934284,0.886506742400359,0,0.063,0,0.063,1,0.058,0,0.061,1,0.058
0.898927816919997,0.89900428417761,0.912067473843294,0.899110198869896,0.912246620024357,1,0.045,1,0.045,1,0.042,1,0.045,1,0.042
0.889416665205572,0.88935668936882,0.906805401836493,0.889776997539371,0.907145313500525,1,0.049,1,0.049,1,0.044,1,0.049,1,0.044
0.888302890185635,0.888478767554466,0.903653409911924,0.888556284522356,0.903703516766285,1,0.05,1,0.05,1,0.047,1,0.049,1,0.047
0.878582407649737,0.878979658476174,0.895905513129439,0.879589987145189,0.896273261743076,1,0.052,1,0.052,1,0.048,1,0.051,1,0.048
0.85458503007239,0.854458161727838,0.874436909951259,0.855089407379035,0.874888852356374,0,0.064,0,0.065,1,0.059,0,0.064,1,0.058
0.895457288824284,0.895559056171927,0.908918562878071,0.895833474428858,0.909251032565209,1,0.044,1,0.044,1,0.042,1,0.044,1,0.042
0.876684384211869,0.877145819178488,0.890117347372797,0.877451100359489,0.890409293963138,1,0.053,1,0.053,1,0.049,1,0.053,1,0.048
0.89168727329123,0.891883337393512,0.907555571893331,0.892040814084588,0.907657066355317,1,0.046,1,0.046,1,0.041,1,0.046,1,0.042
0.884138859237945,0.884042377528587,0.904594789283008,0.884847409263136,0.905143600350995,1,0.054,1,0.055,1,0.049,1,0.053,1,0.047
0.907748872529513,0.907878165754603,0.919018818697678,0.90801770091073,0.91912473960349,1,0.044,1,0.044,1,0.041,1,0.044,1,0.041
0.890037558935564,0.890412764292092,0.903585159026285,0.890929375178187,0.903969740882752,1,0.048,1,0.048,1,0.045,1,0.047,1,0.044
0.886560395893889,0.886901375555242,0.900326298995718,0.887092210717367,0.90051118110981,1,0.052,1,0.051,1,0.047,1,0.051,1,0.047
0.867088166600144,0.867168904305278,0.884317548589312,0.867266871975351,0.884472483459466,0,0.059,0,0.059,1,0.054,0,0.06,1,0.054
0.895616704620296,0.895840184966587,0.911182691034721,0.896152456019919,0.911375899344395,1,0.042,1,0.042,1,0.04,1,0.043,1,0.04
0.907963687615154,0.908011668934784,0.920308156493612,0.908339547719629,0.920532558749801,1,0.04,1,0.039,0,0.036,1,0.039,0,0.035
0.881652935383636,0.88176948916315,0.899705482333476,0.881885373702231,0.899746140654011,1,0.056,1,0.056,1,0.051,1,0.056,1,0.051
0.897817075468561,0.897869223775903,0.912338839552096,0.898046278797065,0.912503000518888,1,0.045,1,0.045,1,0.041,1,0.045,1,0.042
0.87377540486534,0.873679510406657,0.888080826509045,0.874515258009263,0.888830280682426,0,0.058,0,0.058,1,0.056,0,0.057,1,0.055
0.847409935532802,0.848144503404729,0.863525602952151,0.848512899502394,0.863905149306809,0,0.069,0,0.069,0,0.065,0,0.068,0,0.065
0.879515394567309,0.879691346743708,0.894982508307172,0.879997214565039,0.895201976785644,1,0.055,1,0.055,1,0.052,1,0.054,1,0.051
0.903017796610169,0.903502797908698,0.916841374576364,0.903655910227456,0.917015100786196,1,0.043,1,0.042,1,0.038,1,0.043,1,0.038
0.880676719387581,0.881584183434592,0.898290228676738,0.882266606314475,0.898817946708195,1,0.051,1,0.049,1,0.048,1,0.049,1,0.048
0.887823334175114,0.88775976063511,0.903609746041216,0.888118985109405,0.903900979180325,1,0.052,1,0.052,1,0.047,1,0.051,1,0.047
0.884700592541454,0.884869706076635,0.904952406203993,0.885101389349813,0.905158121688375,1,0.053,1,0.053,1,0.046,1,0.053,1,0.046
0.870240871008536,0.870125904480341,0.887086565228526,0.871244771941841,0.887803362872411,0,0.06,0,0.06,1,0.058,0,0.058,1,0.058
0.866055427323681,0.866763205918632,0.886789636925044,0.867073216176801,0.887072453105746,0,0.064,0,0.063,1,0.061,0,0.064,1,0.061
0.917890384860402,0.918122197010201,0.932705388330419,0.918685298643616,0.93310154879888,1,0.038,1,0.039,0,0.036,1,0.038,0,0.035
0.894235376900535,0.894132104048023,0.906254570479835,0.894367386447185,0.906719432900152,1,0.045,1,0.045,1,0.043,1,0.044,1,0.042
0.897312810976149,0.897273656308469,0.913544745342833,0.897650413188867,0.913820992467285,1,0.046,1,0.047,1,0.044,1,0.046,1,0.044
0.858313962382111,0.858264832127347,0.875129816432326,0.858642113129376,0.87558261231248,0,0.063,0,0.063,1,0.06,0,0.063,1,0.06
0.886575377650437,0.886765889554944,0.903622840744916,0.886931882810341,0.903743095659489,1,0.049,1,0.05,1,0.045,1,0.05,1,0.045
0.882637977678105,0.882867517198148,0.897176871369529,0.883111433053238,0.897367336441243,1,0.047,1,0.047,1,0.044,1,0.047,1,0.043
0.85903221054288,0.859331114429605,0.876544642176325,0.859901593238167,0.876897404513943,0,0.066,0,0.066,1,0.062,0,0.067,1,0.063
0.886305188944786,0.88619639066857,0.900232207361872,0.886658470729676,0.900671663449083,1,0.051,1,0.05,1,0.049,1,0.05,1,0.049
0.877704905271147,0.877745030509982,0.894295932750514,0.878303497176453,0.894824762601477,1,0.049,1,0.049,1,0.045,1,0.049,1,0.044
0.877783190140934,0.8781773308681,0.894579717284661,0.878587238613294,0.895030043865416,1,0.053,1,0.053,1,0.048,1,0.052,1,0.047
0.88550358568552,0.885749673338264,0.899911623593839,0.886121362514259,0.900178121619837,1,0.049,1,0.05,1,0.045,1,0.049,1,0.045
0.868882187389062,0.869064890223354,0.886927645293503,0.869290723382443,0.887053195600036,0,0.057,0,0.057,1,0.052,0,0.056,1,0.052
0.895058302425488,0.895107733474241,0.90944109175798,0.895234343689993,0.909585880081146,1,0.05,1,0.051,1,0.048,1,0.051,1,0.047
0.895019917751995,0.895028136064995,0.90847232760495,0.895075960652658,0.908564298463113,1,0.045,1,0.046,1,0.042,1,0.046,1,0.042
0.867420999558735,0.867740606800545,0.880951554677429,0.86818720190136,0.881490449258535,0,0.059,0,0.059,1,0.058,0,0.059,1,0.058
0.878277609960152,0.878159871132442,0.892639669534695,0.878435354595493,0.892939698254499,1,0.056,1,0.056,1,0.053,1,0.055,1,0.053
0.902511915532117,0.902953424399377,0.915011815744972,0.903456678272854,0.915367499039627,1,0.043,1,0.042,1,0.04,1,0.042,1,0.04
0.864181426711168,0.864466104331408,0.878941903738723,0.865095797134198,0.879580211020033,0,0.056,0,0.056,1,0.052,0,0.056,1,0.052
0.8784724924628,0.878616153699368,0.897014886671602,0.87905820003677,0.897286986523338,1,0.054,1,0.054,1,0.048,1,0.054,1,0.048
0.891653220258421,0.891694962414434,0.903581727245324,0.892107352468958,0.90399820581195,1,0.043,1,0.043,1,0.041,1,0.043,1,0.041
0.891769616798547,0.892004256457481,0.908604183461618,0.892814038851798,0.909243790034954,1,0.047,1,0.047,1,0.043,1,0.046,1,0.042
0.887512555991987,0.887716308889689,0.897829469782654,0.887917540101958,0.89811219833546,1,0.052,1,0.052,1,0.049,1,0.052,1,0.049
0.882932743009773,0.88345937177752,0.898461395755711,0.883979549801831,0.89876552209576,1,0.052,1,0.051,1,0.046,1,0.05,1,0.046
0.848430862514126,0.848609560815381,0.864138868811924,0.849879392653689,0.865225196469877,0,0.063,0,0.063,0,0.061,0,0.063,0,0.06
0.894171680040514,0.894226559768537,0.909631598234031,0.894277010808094,0.909685881386475,1,0.046,1,0.046,1,0.042,1,0.046,1,0.042
0.881615297750221,0.882053195081472,0.894289127937091,0.882388404711237,0.894795718214714,1,0.052,1,0.052,1,0.047,1,0.051,1,0.047
0.890637596356633,0.890807275103573,0.905673341846087,0.891021491063026,0.905796384882668,1,0.05,1,0.051,1,0.048,1,0.05,1,0.047
0.865516524414966,0.865932306584958,0.882285481182198,0.866911611815758,0.883299862466795,0,0.055,0,0.056,1,0.051,0,0.057,1,0.051
0.906625789775896,0.906602454451407,0.920582199235581,0.906892321987006,0.92081256755388,1,0.043,1,0.043,1,0.04,1,0.043,1,0.04
0.873742438885936,0.874035439638602,0.892537458578147,0.874195067929594,0.892633901237533,0,0.055,0,0.054,1,0.051,0,0.055,1,0.051
0.880382258121657,0.880695090266916,0.899241048415114,0.880927940052566,0.899370574266036,1,0.055,1,0.055,1,0.05,1,0.055,1,0.05
0.879558940243672,0.879575531627355,0.89647295163217,0.879779295244878,0.896614336694975,1,0.054,1,0.055,1,0.05,1,0.054,1,0.05
0.891808623747405,0.89191648368655,0.905436901712943,0.892697634198948,0.906181319974822,1,0.051,1,0.051,1,0.048,1,0.051,1,0.046
0.891213825435164,0.891309872765193,0.906730622328802,0.891762652475277,0.907187575841177,1,0.048,1,0.048,1,0.046,1,0.047,1,0.045
0.907020121996273,0.907359803585598,0.919445351078373,0.907671286714344,0.919746715123501,1,0.038,1,0.038,1,0.037,1,0.037,1,0.037
0.893394241802566,0.893458009453619,0.907014288140328,0.893589495358338,0.90720027938371,1,0.048,1,0.048,1,0.045,1,0.049,1,0.045
0.897229008168884,0.897144710381614,0.910952767864078,0.897641631865134,0.91131051278171,1,0.043,1,0.044,1,0.043,1,0.043,1,0.042
0.909385090747133,0.909301710953756,0.925246785962251,0.90972638228654,0.925640897362176,1,0.04,1,0.04,0,0.037,1,0.04,0,0.036
0.895818662998912,0.895946987083192,0.90952150007012,0.896220914072658,0.909848919459302,1,0.045,1,0.045,1,0.042,1,0.045,1,0.042
0.898450805983167,0.898447841137309,0.90831562129974,0.898837581937803,0.908828686351339,1,0.043,1,0.043,1,0.041,1,0.042,1,0.041
0.902077504783861,0.902113314183314,0.915430965000058,0.902540178136295,0.915898175274704,1,0.043,1,0.044,1,0.04,1,0.043,1,0.04
0.890558381533679,0.890637023984676,0.905024354131873,0.891060436471826,0.905417220978505,1,0.05,1,0.049,1,0.045,1,0.049,1,0.045
0.877927541261057,0.877911782923093,0.89490884118114,0.879066888863823,0.895913363266923,1,0.054,1,0.054,1,0.048,1,0.053,1,0.048
0.878565173062846,0.879226119857533,0.890366615524041,0.879262371079913,0.890436264100258,1,0.053,1,0.053,1,0.052,1,0.054,1,0.051
0.901316687336693,0.901265825673884,0.91489409488298,0.901590587335318,0.915123168801051,1,0.043,1,0.043,1,0.041,1,0.043,1,0.042
0.852558387891585,0.852930770133862,0.870103507103465,0.853019717108722,0.870175507884627,0,0.07,0,0.07,0,0.065,0,0.069,0,0.066
0.889544109575966,0.889684261553978,0.904253075320856,0.890017210554379,0.904612940526911,1,0.046,1,0.046,1,0.043,1,0.046,1,0.043
0.875032048458843,0.87512543029504,0.890870661962631,0.8753909630105,0.891144336433488,0,0.057,0,0.057,1,0.052,0,0.056,1,0.052
0.889015935540753,0.889280410214961,0.901247172859677,0.889435913969008,0.901395948254925,1,0.05,1,0.051,1,0.05,1,0.052,1,0.05
0.86994101690889,0.869913104686403,0.887276787378689,0.870222553432103,0.887665831869674,0,0.058,0,0.057,1,0.055,0,0.057,1,0.054
0.871166206468319,0.870943010265548,0.89022184562623,0.871784652203864,0.890960206288406,0,0.059,0,0.058,1,0.054,0,0.057,1,0.053
0.888902562622882,0.888894468547305,0.904379465347712,0.889048515308809,0.904642828100358,1,0.048,1,0.048,1,0.045,1,0.046,1,0.044
0.872044484456837,0.871921889096372,0.88946416299337,0.872361892697475,0.88999035754621,0,0.061,0,0.061,1,0.057,0,0.06,1,0.056
0.883066295716045,0.88318530354199,0.896010765610106,0.883492112119462,0.896300058878884,1,0.052,1,0.052,1,0.051,1,0.051,1,0.051
0.881433400982373,0.881759113382309,0.901198230189414,0.882139121271169,0.901398950493855,1,0.054,1,0.053,1,0.049,1,0.053,1,0.049
0.881909757353748,0.882437463676034,0.898142863952215,0.882879600358626,0.898477944513536,1,0.05,1,0.049,1,0.046,1,0.049,1,0.046
0.888401911607148,0.888436349427209,0.901549126706062,0.889068461655659,0.902030841645442,1,0.049,1,0.049,1,0.047,1,0.048,1,0.046
0.876563446350722,0.876586727846791,0.890146680804258,0.876994436824042,0.890537208239016,1,0.055,1,0.055,1,0.054,1,0.054,1,0.054
0.902634316331166,0.902596631953168,0.919341457950822,0.902904769081108,0.919557369430739,1,0.044,1,0.044,1,0.04,1,0.044,1,0.04
0.891788285618645,0.891961021957354,0.903712137428909,0.892044781028973,0.903758356991428,1,0.05,1,0.05,1,0.048,1,0.051,1,0.048
0.893652037806813,0.893652705407688,0.911012493045922,0.893737977737818,0.911129460924283,1,0.048,1,0.048,1,0.044,1,0.048,1,0.044
0.88115282023863,0.881198683356776,0.896282927690498,0.881379684032154,0.896458546960091,1,0.051,1,0.051,1,0.047,1,0.05,1,0.047
0.888221464880057,0.888243691252034,0.904712209361241,0.888673999446881,0.905122054669727,1,0.049,1,0.049,1,0.046,1,0.047,1,0.045
0.888555436843465,0.888565397273459,0.899644173907121,0.888809665240405,0.899958609629663,1,0.047,1,0.047,1,0.045,1,0.048,1,0.044
0.903928483005342,0.904157743163767,0.917611409757912,0.904392190164493,0.917916801185406,1,0.045,1,0.045,1,0.041,1,0.045,1,0.042
0.888500521557719,0.888681897066531,0.902524636381812,0.88894085689133,0.902794466589199,1,0.044,1,0.045,1,0.043,1,0.045,1,0.043
0.885185549184097,0.885185990261499,0.903577883536384,0.885297801401555,0.903683943405387,1,0.051,1,0.052,1,0.048,1,0.052,1,0.048
0.885782508296954,0.885869422544302,0.896481615972771,0.886197456266608,0.896866937080788,1,0.049,1,0.049,1,0.046,1,0.049,1,0.045
0.88238812927284,0.882660583227859,0.895448393142491,0.883038482252173,0.8958363237257,1,0.054,1,0.053,1,0.049,1,0.054,1,0.049
0.88890139309032,0.888966562600969,0.904992441354969,0.889321564901372,0.905226204568938,1,0.054,1,0.054,1,0.048,1,0.053,1,0.048
0.868369534724063,0.86852095039626,0.881249219112842,0.868740086816732,0.881509744898721,0,0.058,0,0.058,1,0.054,0,0.057,1,0.053
0.872732622850307,0.872569223851054,0.891788315573848,0.8729473694824,0.892055156201205,0,0.057,0,0.058,1,0.052,0,0.058,1,0.052
0.880627750617177,0.880694794126568,0.897895909674267,0.881091966676174,0.898200380479255,1,0.053,1,0.054,1,0.05,1,0.053,1,0.05
0.904402878011685,0.904474686181576,0.919260011885048,0.904718084417506,0.919482180628031,1,0.043,1,0.043,1,0.038,1,0.043,1,0.038
0.890790425407211,0.890709937678679,0.90614224690013,0.891267328861737,0.906656134816402,1,0.049,1,0.049,1,0.044,1,0.048,1,0.043
0.880505056906453,0.880670342844658,0.896127875281048,0.882064164577265,0.897396061583292,1,0.052,1,0.052,1,0.047,1,0.051,1,0.046
0.906578570928844,0.906768079638475,0.918194688317371,0.906934817211644,0.918441869210316,1,0.041,1,0.041,1,0.037,1,0.041,1,0.037
0.876099361443698,0.876522044202423,0.889885911353517,0.877365674826356,0.890580204197742,1,0.056,1,0.056,1,0.053,1,0.054,1,0.053
0.88315099544584,0.88334765409585,0.896574751105863,0.883479605974809,0.896699198475765,1,0.051,1,0.051,1,0.047,1,0.051,1,0.047
0.878982704146595,0.87901631350325,0.896593567467161,0.879474042410035,0.896884862585648,1,0.058,1,0.058,1,0.054,1,0.057,1,0.054
0.864152597207175,0.864105226473184,0.879923801001654,0.86464588817294,0.880504635821859,0,0.057,0,0.057,1,0.055,0,0.058,1,0.054
0.886935860201608,0.887410372598991,0.904589965901774,0.887578043551755,0.904743918581038,1,0.053,1,0.053,1,0.047,1,0.052,1,0.046
0.884084760279038,0.884115760778927,0.897312938233206,0.884760262969861,0.897821310097639,1,0.05,1,0.051,1,0.048,1,0.05,1,0.047
0.898324066391339,0.898295939609371,0.913327169270257,0.898771017947684,0.913631962009148,1,0.045,1,0.045,1,0.042,1,0.045,1,0.041
0.85331462267553,0.853130546096344,0.8693082844577,0.853832913199014,0.870036863836094,0,0.068,0,0.068,0,0.064,0,0.068,0,0.063
0.873348181743618,0.873473571113514,0.889696097649145,0.873730773022307,0.88986175273639,0,0.057,0,0.056,1,0.052,0,0.056,1,0.052
0.873410367749482,0.874146217131614,0.888480091518191,0.874679214561067,0.888918575706665,0,0.055,0,0.055,1,0.051,0,0.054,1,0.051
0.890605474297075,0.890598292764519,0.905307872576674,0.890665955007144,0.905347268191156,1,0.048,1,0.048,1,0.044,1,0.047,1,0.044
0.892078909920165,0.892428161659584,0.908716714065902,0.892766521370138,0.90894836951108,1,0.049,1,0.049,1,0.046,1,0.05,1,0.047
0.901304095770793,0.901411013762965,0.915140371607655,0.901508793571041,0.91519940037228,1,0.044,1,0.045,1,0.041,1,0.044,1,0.041
0.864402543314105,0.864557952008321,0.883940828402532,0.864922688245167,0.884252171263279,0,0.056,0,0.056,1,0.051,0,0.055,1,0.051
0.876929237290733,0.876820013963228,0.893368177662427,0.877521815874101,0.893927110753737,1,0.055,1,0.055,1,0.052,1,0.056,1,0.051
0.879407662429379,0.879709651720536,0.896997020593434,0.880115509529217,0.897382082521598,1,0.055,1,0.054,1,0.051,1,0.054,1,0.051
0.88345720705649,0.884110466794902,0.897070197767791,0.884724934000478,0.897659820708706,1,0.05,1,0.049,1,0.047,1,0.048,1,0.047
0.882158986599488,0.882643401524446,0.896761023407673,0.882926633377162,0.896985758083959,1,0.054,1,0.052,1,0.05,1,0.052,1,0.049
0.883987666403374,0.884067141631897,0.897947268863298,0.884563812268448,0.898481260605044,1,0.049,1,0.048,1,0.047,1,0.049,1,0.047
0.895090677076501,0.895217420638402,0.908198165607686,0.895276066061176,0.908249424103778,1,0.047,1,0.047,1,0.046,1,0.047,1,0.045
0.878277163090346,0.878401330096452,0.892988010284075,0.879256379105017,0.893717163015832,1,0.054,1,0.054,1,0.052,1,0.052,1,0.052
0.887449859594017,0.887409204221865,0.899129679628743,0.88752042472704,0.899228690693986,1,0.05,1,0.05,1,0.047,1,0.049,1,0.047
0.876076498014854,0.876087216728624,0.893984797375664,0.876756396619745,0.894554281518737,0,0.053,0,0.053,1,0.049,0,0.052,1,0.048
0.890222463651997,0.890070343803249,0.90624804310392,0.890617008912913,0.906692897125384,1,0.047,1,0.047,1,0.045,1,0.046,1,0.045
0.880468877506126,0.881082145092475,0.896815958113989,0.881349693534587,0.897012926025992,1,0.054,1,0.053,1,0.051,1,0.054,1,0.051
0.882546855418411,0.882539915308131,0.897471452687438,0.882897534992037,0.89779309604176,1,0.052,1,0.052,1,0.049,1,0.052,1,0.048
0.873630410093462,0.873709054444226,0.887055079183904,0.873904983860074,0.887287515791145,1,0.058,1,0.058,1,0.054,1,0.057,1,0.053
0.885315841593154,0.885441097220468,0.901485717583299,0.885487457869537,0.90152253450131,1,0.052,1,0.051,1,0.048,1,0.051,1,0.048
0.905584939130799,0.905576014585147,0.91843661520922,0.90578873966753,0.918640808033318,1,0.04,1,0.04,1,0.038,1,0.04,1,0.038
0.88319186683661,0.883444472947352,0.898937857061907,0.883890061029077,0.899431714972729,1,0.054,1,0.054,1,0.05,1,0.055,1,0.05
0.874293815468367,0.87421470186492,0.887771254521084,0.874654844705403,0.888087161198899,0,0.056,0,0.056,1,0.052,0,0.056,1,0.051
0.87884928095706,0.879150070898741,0.895421142130325,0.87957429858841,0.895706129326886,1,0.053,1,0.053,1,0.05,1,0.054,1,0.05
0.873686715967288,0.873807047737593,0.890347563101065,0.873935711954047,0.890471309217789,0,0.055,0,0.055,1,0.051,0,0.055,1,0.051
0.904545495864155,0.904623388467937,0.915806331177171,0.904651636659589,0.915911225938758,1,0.041,1,0.041,1,0.038,1,0.041,1,0.038
0.880733511829035,0.881125110798324,0.899169781035107,0.881497848999702,0.899424491851236,1,0.055,1,0.055,1,0.05,1,0.055,1,0.05
0.891322203170756,0.891417814344334,0.90685335061055,0.891576328043376,0.907028556511474,1,0.047,1,0.048,1,0.043,1,0.047,1,0.043
0.894773562654559,0.894676510275442,0.906465893531488,0.894985772960262,0.906778410890682,1,0.043,1,0.043,1,0.04,1,0.043,1,0.04
0.887208015882569,0.887073059737059,0.901610028135519,0.887441538102342,0.90198384553671,1,0.052,1,0.051,1,0.049,1,0.051,1,0.049
0.87749262649864,0.877678677386239,0.892960542804957,0.877951022195071,0.893159829344871,0,0.054,0,0.053,1,0.05,0,0.052,1,0.049
0.881811465808017,0.881843849649323,0.897379100947115,0.882565430273444,0.898136357791582,1,0.05,1,0.05,1,0.046,1,0.05,1,0.046
0.874535331676285,0.874996487762534,0.895843023633003,0.875135302554923,0.895965505212245,1,0.057,1,0.057,1,0.053,1,0.058,1,0.053
0.88256428024525,0.883044355218533,0.899784958338937,0.883179235294594,0.899859893340972,1,0.051,1,0.051,1,0.047,1,0.051,1,0.047
0.891810301427042,0.892098758475456,0.907259556612128,0.892211837457663,0.907386868031908,1,0.051,1,0.051,1,0.047,1,0.051,1,0.047
0.895226780606904,0.895243501613962,0.909714341176387,0.895533465556012,0.91002385108573,1,0.045,1,0.046,1,0.043,1,0.046,1,0.043
0.905900796139162,0.905935501857547,0.921155578351553,0.906178208984073,0.921517410771338,1,0.042,1,0.042,1,0.04,1,0.042,1,0.04
0.901652323955967,0.901830456859344,0.913947975978966,0.901987844227226,0.914085765523061,1,0.043,1,0.043,1,0.04,1,0.043,1,0.04
0.885199245577707,0.885383863144148,0.902817133172084,0.885406267892544,0.902824875553846,1,0.052,1,0.052,1,0.049,1,0.054,1,0.049
0.880855937648406,0.880974456673198,0.896683113643821,0.881107068121673,0.896776934182547,1,0.048,1,0.048,1,0.044,1,0.048,1,0.044
0.878374792366073,0.87865230616933,0.893324141042795,0.878687294948916,0.893360596595766,1,0.055,1,0.055,1,0.053,1,0.055,1,0.053
0.880953356703319,0.880789809732818,0.898403696183518,0.881099959423445,0.898754198435383,1,0.055,1,0.055,1,0.051,1,0.055,1,0.05
0.893567678086995,0.893687511180093,0.909798316166025,0.894109620142803,0.910148808458278,1,0.047,1,0.047,1,0.043,1,0.046,1,0.042
0.899911394236323,0.899828367763794,0.911097306744603,0.900416586296796,0.911709414116367,1,0.04,1,0.04,1,0.038,1,0.04,1,0.037
0.892786903405284,0.892879610330368,0.911621063484723,0.892959245865982,0.911680334441458,1,0.048,1,0.047,1,0.044,1,0.048,1,0.044
0.903906705688201,0.903999892666595,0.918085959433275,0.904328406462625,0.918326280916364,1,0.041,1,0.041,1,0.039,1,0.04,1,0.038
0.885196364095183,0.885183673111847,0.898732472364551,0.885559328153702,0.899094631220811,1,0.049,1,0.049,1,0.046,1,0.048,1,0.046
0.890985109436103,0.891062557678646,0.905121440972457,0.891313842791653,0.905308769198096,1,0.049,1,0.049,1,0.047,1,0.049,1,0.048
0.883266488550086,0.883275193826289,0.895999804041812,0.883858217199812,0.89653534259848,1,0.051,1,0.051,1,0.047,1,0.05,1,0.047
0.875229558561033,0.875341110675735,0.888137429626901,0.875386610674,0.88820174540801,0,0.054,1,0.054,1,0.052,0,0.054,1,0.052
0.873611178262341,0.873829989947241,0.890661375351811,0.874234666907712,0.891068932055872,1,0.056,1,0.056,1,0.053,1,0.056,1,0.053
0.867164148900649,0.867958132782839,0.881009802484667,0.868704541832182,0.881902746104205,0,0.062,0,0.061,1,0.057,0,0.061,1,0.057
0.896156782670454,0.896066226196381,0.911050036308999,0.897226907278585,0.912115113739069,1,0.044,1,0.044,1,0.041,1,0.043,1,0.04
0.876516739596166,0.8765571916285,0.890290761722622,0.87680406959582,0.890453514279705,1,0.052,1,0.053,1,0.048,1,0.053,1,0.049
0.874670774958301,0.874778270018477,0.892881023789396,0.875236171188181,0.893206112875628,0,0.053,0,0.053,1,0.049,0,0.053,1,0.049
0.880436906221269,0.880780074178635,0.89774770958984,0.881428219569401,0.898285594663892,1,0.049,1,0.049,1,0.046,1,0.048,1,0.046
0.897203344381632,0.897328400867554,0.908238134957508,0.897796129194258,0.908613026944856,1,0.044,1,0.044,1,0.042,1,0.043,1,0.041
0.870466760305516,0.870607574555543,0.884815631322298,0.870736985703396,0.884853052703966,0,0.056,0,0.057,1,0.054,0,0.057,1,0.053
0.883050048037833,0.882936644889748,0.897778818609929,0.883686444872323,0.898503629908251,1,0.048,1,0.049,1,0.046,1,0.048,1,0.045
0.892788340773148,0.892827020468335,0.907914403724976,0.893074130241726,0.908140117021642,1,0.046,1,0.046,1,0.042,1,0.045,1,0.042
0.875057674965911,0.875300148609548,0.890386494789942,0.87586112532564,0.89067591919231,0,0.051,0,0.051,1,0.047,0,0.05,1,0.047
0.893652583757271,0.893635208047137,0.907217064552642,0.893719741700043,0.907366964234446,1,0.045,1,0.045,1,0.041,1,0.045,1,0.041
0.892530075455581,0.892676064217596,0.905168456338501,0.892991453582192,0.905422593654959,1,0.044,1,0.044,1,0.041,1,0.043,1,0.041
0.891036424149817,0.89102069099395,0.903619496442798,0.891171831874944,0.903768608680201,1,0.045,1,0.045,1,0.044,1,0.045,1,0.044
0.888381711211051,0.888530907669325,0.9024760775525,0.888787925986199,0.902650619641719,1,0.049,1,0.049,1,0.049,1,0.048,1,0.047
0.880208765136841,0.880156629853987,0.895947421081354,0.880322681441587,0.896069557439271,1,0.054,1,0.055,1,0.051,1,0.054,1,0.05
0.901471654696439,0.901749458612215,0.916710039797165,0.902402190211836,0.917336772419497,1,0.042,1,0.042,1,0.04,1,0.041,1,0.04
0.894309355533287,0.894059739934519,0.90829941442582,0.894621324954516,0.908779555179596,1,0.044,1,0.045,1,0.043,1,0.044,1,0.043
0.889871427809548,0.890886415869924,0.908786257605424,0.891297013794268,0.909132337612861,1,0.053,1,0.052,1,0.048,1,0.051,1,0.048
0.867877850098855,0.868024349095415,0.883568938320491,0.868271910594326,0.883686668027397,0,0.06,0,0.06,1,0.057,0,0.059,1,0.057
0.895501186885016,0.895772257253868,0.911134292478043,0.896146853000158,0.911491533091152,1,0.047,1,0.047,1,0.043,1,0.047,1,0.043
0.866007784786276,0.865976670899389,0.879935484212434,0.866130447653666,0.880136832206616,0,0.058,0,0.057,1,0.058,0,0.058,1,0.057
0.890826793605907,0.89090788139834,0.906566121799923,0.891234965738529,0.906807555024384,1,0.045,1,0.045,1,0.042,1,0.045,1,0.042
0.88301485603091,0.883265844538711,0.897811570994815,0.883622578289215,0.898133416884786,1,0.053,1,0.053,1,0.047,1,0.052,1,0.047
0.870841087749231,0.871113578456071,0.884232049206196,0.871434067259592,0.884652700560812,0,0.059,0,0.058,1,0.056,0,0.057,1,0.056
0.906444218424173,0.90641920930449,0.921151879272513,0.906645397095948,0.92130413302905,1,0.041,1,0.041,1,0.038,1,0.04,1,0.038
0.896501086575843,0.896519014657835,0.909478993147962,0.896873424422093,0.90989192297118,1,0.044,1,0.044,1,0.04,1,0.044,1,0.04
0.897579834152308,0.897702180506065,0.913357139457196,0.898408334880814,0.913986474583127,1,0.049,1,0.049,1,0.045,1,0.048,1,0.045
0.864607364298727,0.86483644387883,0.884124629024386,0.865268621541121,0.884381986684554,0,0.062,0,0.062,1,0.056,0,0.062,1,0.056
0.90960900185932,0.90953371502192,0.924149048734352,0.909808120075404,0.924381116166006,1,0.039,1,0.04,0,0.036,1,0.04,0,0.036
0.894868144809924,0.89460172712081,0.906309863587459,0.895379128140059,0.907078840446638,1,0.043,1,0.043,1,0.04,1,0.042,1,0.04
0.877442383282171,0.877484962809997,0.890230306849737,0.87777131317742,0.890494328209213,1,0.052,1,0.052,1,0.049,1,0.051,1,0.049
0.874044191668117,0.874234474865805,0.889841746701649,0.87444125858386,0.890056381033608,0,0.058,0,0.057,1,0.053,0,0.057,1,0.054
0.853067774064404,0.853163383345513,0.868584698316216,0.853597699618404,0.869130328300971,0,0.064,0,0.065,0,0.063,0,0.065,0,0.062
0.862766919984762,0.862989586783097,0.884091378546748,0.863268768760504,0.884340030462986,0,0.066,0,0.066,1,0.059,0,0.065,1,0.059
0.893917785009097,0.893945721242406,0.906727002974958,0.894044979836234,0.906831654849996,1,0.046,1,0.046,1,0.043,1,0.046,1,0.043
0.903969204303977,0.904107791820109,0.916623927886382,0.904120980738712,0.916644347547018,1,0.04,1,0.04,1,0.038,1,0.04,1,0.038
0.888603373301525,0.888973551999408,0.904437983591731,0.889324036441442,0.904706875061171,1,0.048,1,0.048,1,0.045,1,0.048,1,0.045
0.885420158153215,0.885852961680592,0.902244842312905,0.886151534570954,0.902476436386896,1,0.05,1,0.049,1,0.044,1,0.047,1,0.045
0.898001127440371,0.898157525401945,0.912588393236815,0.898251888943647,0.912735816012699,1,0.046,1,0.046,1,0.042,1,0.046,1,0.042
0.881265043538361,0.882013554017364,0.900836468504711,0.882267462708078,0.901031017202561,1,0.05,1,0.05,1,0.046,1,0.049,1,0.046
0.883362745269338,0.883636722760716,0.89806035111827,0.883858055272505,0.898236093319864,1,0.048,1,0.048,1,0.045,1,0.047,1,0.045
0.889790906358679,0.889794907538099,0.9079689626775,0.889832411988302,0.908017418285403,1,0.05,1,0.05,1,0.046,1,0.05,1,0.046
0.851213195229224,0.851523608293879,0.877108029601484,0.851615566110697,0.877183012289067,0,0.071,0,0.071,1,0.064,0,0.071,1,0.063
0.872659671545075,0.87250614088314,0.885561861429559,0.873303941504102,0.886163653570129,0,0.056,0,0.057,1,0.051,0,0.057,1,0.051
0.884131912669476,0.884406089797437,0.902642586078184,0.884559992696757,0.902770746742045,1,0.052,1,0.052,1,0.048,1,0.053,1,0.048
0.889711258791919,0.889938105086335,0.905647931949528,0.89044919894776,0.906020818366654,1,0.046,1,0.046,1,0.042,1,0.046,1,0.041
0.879844059976932,0.879872721186034,0.895306974007814,0.880037224687363,0.895465121363621,1,0.053,1,0.054,1,0.05,1,0.054,1,0.05
0.899965627450217,0.900136501115323,0.917033627010201,0.90025654216463,0.917131976583568,1,0.042,1,0.042,1,0.038,1,0.042,1,0.038
0.874438432821021,0.874409524128463,0.891748890325463,0.874656081452419,0.892023627957847,0,0.054,0,0.054,1,0.049,0,0.054,1,0.049
0.90769144472545,0.907833949300844,0.921168829371727,0.907967890914643,0.921282030599964,1,0.04,1,0.04,1,0.037,1,0.04,1,0.036
0.898225159597045,0.898554593221445,0.912554546401056,0.898837716079645,0.912812277116735,1,0.046,1,0.046,1,0.043,1,0.046,1,0.043
0.879866993092243,0.879881270834067,0.897686559646546,0.880229384518336,0.897983116996654,1,0.052,1,0.052,1,0.046,1,0.052,1,0.046
0.900454645722067,0.900471957589197,0.915785757594404,0.900781318867891,0.915982139068848,1,0.044,1,0.045,1,0.042,1,0.044,1,0.042
0.872659364020195,0.872792464200306,0.88905262223027,0.873171844198101,0.889426815373287,0,0.057,0,0.057,1,0.055,0,0.058,1,0.055
0.877496714401734,0.877788941813342,0.894216272412371,0.877994476813113,0.894427292643926,1,0.056,1,0.056,1,0.054,1,0.055,1,0.054
0.859422861320985,0.859882867872749,0.875573788433926,0.860081424675177,0.875785522034739,0,0.059,0,0.058,0,0.056,0,0.06,0,0.055
0.894230127539671,0.894380602362367,0.907009078124826,0.894454197226956,0.907113720001877,1,0.048,1,0.048,1,0.045,1,0.047,1,0.044
0.889708877949414,0.889990585478745,0.905280301197843,0.890258910715679,0.905513453638123,1,0.045,1,0.045,1,0.042,1,0.045,1,0.042
0.894233320409209,0.894269702786964,0.907416306423267,0.894405338462486,0.907588020855229,1,0.051,1,0.05,1,0.046,1,0.05,1,0.046
0.892635852646901,0.892717544618789,0.906312240411711,0.893087206673883,0.906608605399175,1,0.047,1,0.047,1,0.044,1,0.047,1,0.043
0.894286294165402,0.893954764261002,0.909598276861549,0.894631292715611,0.910231213221585,1,0.049,1,0.049,1,0.045,1,0.048,1,0.045
0.894890433024686,0.895007237713014,0.908929463411907,0.895128549045422,0.909016393499066,1,0.044,1,0.044,1,0.041,1,0.044,1,0.041
0.8893749753407,0.889390836057522,0.904749948519142,0.889591255183233,0.904902958890726,1,0.049,1,0.049,1,0.045,1,0.05,1,0.046
0.891425760841284,0.891484119048609,0.908051969990675,0.891711416402277,0.908237969767867,1,0.053,1,0.052,1,0.048,1,0.052,1,0.047
