"alfa","alfa_std","alfa_ordinal","omega","omega_ordinal","alfa_cobre","alfa_amplitude","alfa_std_cobre","alfa_std_amplitude","alfa_ordinal_cobre","alfa_ordinal_amplitude","omega_cobre","omega_amplitude","omega_ordinal_cobre","omega_ordinal_amplitude"
0.807659749377888,0.807083567766293,0.830576216660467,0.810647260145053,0.833427311132431,1,0.085,1,0.086,1,0.08,1,0.084,1,0.079
0.778693946594928,0.779379142292468,0.8012642864998,0.779864036485426,0.801494022832993,1,0.095,1,0.094,1,0.087,1,0.094,1,0.087
0.747182266338993,0.747664625870188,0.765724070456963,0.748429983282364,0.766440103241896,0,0.111,0,0.111,1,0.108,0,0.11,1,0.107
0.790099543792097,0.791095819891511,0.803956204224534,0.792066589179009,0.804590970323123,1,0.093,1,0.092,1,0.097,1,0.09,1,0.092
0.757519385574546,0.757136092597196,0.782515281632062,0.76008384887641,0.785034179287729,1,0.104,1,0.104,1,0.099,1,0.103,1,0.098
0.758352749021209,0.758383371435878,0.778332070570805,0.758603362545481,0.778541493370304,1,0.1,1,0.101,1,0.096,1,0.1,1,0.094
0.756755184175965,0.756618281652456,0.772840067318122,0.757482329523272,0.773632631713561,1,0.104,1,0.104,1,0.1,1,0.104,1,0.102
0.799616696980852,0.799492201348341,0.815904105245512,0.801821653742629,0.818330384659793,1,0.085,1,0.086,1,0.08,1,0.083,1,0.078
0.789395197449268,0.789903672226291,0.807204840202066,0.790703011251353,0.80750806112408,1,0.088,1,0.089,1,0.085,1,0.087,1,0.085
0.781642436204474,0.781865654338429,0.802824832147045,0.782411325529939,0.803500983394236,1,0.101,1,0.1,1,0.096,1,0.099,1,0.097
0.752356324985942,0.751133358327094,0.776438809614322,0.755279179315977,0.779586052086615,1,0.115,1,0.116,1,0.117,1,0.11,1,0.113
0.793164917815132,0.792974072174162,0.814152075824663,0.79353493852623,0.814591380816846,1,0.09,1,0.091,1,0.089,1,0.089,1,0.088
0.75484342166636,0.755596843778448,0.77330843080363,0.756197868099718,0.774012962762741,1,0.106,1,0.106,1,0.104,1,0.107,1,0.102
0.775201096384278,0.775586861802324,0.799399766176512,0.777615473850137,0.801017949550296,1,0.098,1,0.098,1,0.092,1,0.095,1,0.091
0.760139509752411,0.760183230405407,0.776546791625736,0.760570763390455,0.776950804275267,1,0.105,1,0.105,1,0.1,1,0.104,1,0.102
0.754085798224349,0.754527962654621,0.77412384044815,0.756891524506377,0.776432570654208,1,0.107,1,0.106,1,0.108,1,0.105,1,0.106
0.752285984509858,0.752555009937868,0.779271114538653,0.754583344477768,0.780797113263377,1,0.109,1,0.109,1,0.104,1,0.109,1,0.103
0.750465009973189,0.75051145832331,0.775004256392524,0.752231578869198,0.776895690033818,0,0.109,0,0.109,1,0.1,0,0.108,1,0.101
0.803815149157797,0.803928099194828,0.827403826056708,0.805127236249449,0.828403140401394,1,0.089,1,0.09,1,0.086,1,0.089,1,0.086
0.770229271009321,0.770183204049561,0.786987765155137,0.774969299938797,0.791024852092999,1,0.096,1,0.096,1,0.091,1,0.091,1,0.088
0.803895460857023,0.804020858434935,0.820024448892608,0.804691528381564,0.820674740707935,1,0.084,1,0.085,1,0.082,1,0.084,1,0.082
0.749017767293342,0.749227670558527,0.771066235279507,0.749307476828229,0.771305040886896,0,0.103,0,0.103,1,0.1,0,0.102,1,0.099
0.776505138929921,0.776514500786754,0.797820563002039,0.776874753051294,0.798389524001878,1,0.094,1,0.094,1,0.087,1,0.093,1,0.086
0.814893683110482,0.814626953051827,0.826790909139652,0.816021611678748,0.828057055094729,1,0.073,1,0.073,1,0.071,1,0.073,1,0.07
0.817157816304141,0.81688244258482,0.836165764134918,0.818118697173843,0.837230921888011,1,0.086,1,0.086,1,0.08,1,0.082,1,0.079
0.773988903229405,0.773973625152333,0.795871722196493,0.775322771794277,0.797393033999088,1,0.098,1,0.099,1,0.096,1,0.098,1,0.093
0.779800493719603,0.780076044082508,0.806429988312249,0.780408873743255,0.806539397428304,1,0.104,1,0.103,1,0.095,1,0.101,1,0.095
0.758668364129594,0.75934447355509,0.78238653926285,0.759619187554813,0.782571185652775,1,0.1,1,0.101,1,0.094,1,0.101,1,0.096
0.740045014028874,0.739640960829762,0.75881996919599,0.740553661766403,0.759965539563253,0,0.115,0,0.115,1,0.112,0,0.115,1,0.113
0.746451827860839,0.746475511574351,0.766169270043432,0.746849926246811,0.76657083891103,0,0.102,0,0.101,1,0.098,0,0.102,1,0.097
0.784757999771689,0.784506707011584,0.804687465841744,0.785633117549241,0.805934149240697,1,0.096,1,0.096,1,0.095,1,0.099,1,0.096
0.716503581452081,0.716347078932646,0.741822696091097,0.717381793979045,0.743001058163156,0,0.125,0,0.124,0,0.122,0,0.127,0,0.122
0.75338892561143,0.753371265066817,0.772476950369301,0.753903371727308,0.772807035372439,1,0.107,1,0.108,1,0.103,1,0.106,1,0.103
0.784774471270822,0.784869059749582,0.80807795353492,0.784981654231592,0.808203331673318,1,0.094,1,0.095,1,0.092,1,0.094,1,0.091
0.80196877958544,0.802185508236897,0.815116005911787,0.802375185531507,0.815399871096305,1,0.09,1,0.09,1,0.087,1,0.09,1,0.087
0.778982272218623,0.778786518158885,0.800253071352651,0.780633741125833,0.802191283953007,1,0.097,1,0.097,1,0.093,1,0.094,1,0.092
0.740537249174811,0.740643239905252,0.767339173234428,0.742281441037432,0.769214885143572,0,0.129,0,0.129,1,0.125,0,0.126,1,0.122
0.792358617670377,0.792232384666731,0.812015349735152,0.793195233300317,0.813186068498401,1,0.099,1,0.099,1,0.096,1,0.096,1,0.094
0.787114847891854,0.786790802006848,0.802700608817717,0.788170550129605,0.804309087287176,1,0.088,1,0.09,1,0.085,1,0.088,1,0.084
0.770365843528616,0.7704221859673,0.791359010021364,0.77157498888224,0.792281638821408,1,0.097,1,0.097,1,0.095,1,0.096,1,0.094
0.784004368834376,0.78493133084679,0.815421729469745,0.786014383557955,0.815945293340674,1,0.095,1,0.094,1,0.09,1,0.093,1,0.088
0.759462142470604,0.759017922001205,0.783079143599337,0.762673689177155,0.786428785452253,1,0.106,1,0.106,1,0.102,1,0.103,1,0.102
0.79729778927208,0.797311973645906,0.819273706336241,0.798145827297048,0.820011446614407,1,0.099,1,0.099,1,0.096,1,0.097,1,0.094
0.782046967789662,0.78234826416179,0.801070605291077,0.782943269256956,0.801678728487616,1,0.093,1,0.093,1,0.091,1,0.093,1,0.09
0.778913491103754,0.779264148842852,0.802373060031023,0.780169581615474,0.80307099992211,1,0.101,1,0.099,1,0.096,1,0.098,1,0.095
0.737540847932786,0.73872027313018,0.761627695029018,0.73992494777181,0.762745580346772,0,0.114,0,0.113,1,0.111,0,0.114,1,0.114
0.780640289844439,0.780668839554158,0.808152663803048,0.782638941015001,0.809694391273101,1,0.105,1,0.107,1,0.099,1,0.106,1,0.097
0.77080134653551,0.770833860758252,0.796390457570017,0.771334844707044,0.79700665370287,1,0.103,1,0.103,1,0.093,1,0.102,1,0.093
0.764911558437762,0.765636553656463,0.787353183018074,0.765799179119308,0.787816699542872,1,0.099,1,0.098,1,0.097,1,0.1,1,0.095
0.748429099187291,0.747753808362689,0.780374939949246,0.749594983433993,0.78206834911311,0,0.118,0,0.118,1,0.109,0,0.115,1,0.107
0.808898907133013,0.808916849319822,0.826385669165987,0.809224803448338,0.827109338796116,1,0.083,1,0.083,1,0.08,1,0.085,1,0.079
0.76724495419684,0.767017192942722,0.787314212838668,0.76740844432783,0.787589660422116,1,0.096,1,0.097,1,0.096,1,0.094,1,0.095
0.754233840590628,0.754209400529262,0.779718460192405,0.755747176304721,0.781252714009224,1,0.108,1,0.109,1,0.104,1,0.106,1,0.1
0.786965839858803,0.786111617645226,0.805731925740883,0.788268514329749,0.807764123837535,1,0.101,1,0.102,1,0.099,1,0.1,1,0.097
0.769373319792102,0.769074549310367,0.794618919103453,0.770052096526908,0.79547777735442,1,0.111,1,0.11,1,0.103,1,0.112,1,0.1
0.798970016541154,0.79847530640264,0.814931552356623,0.801780772628061,0.817609899159193,1,0.084,1,0.085,1,0.079,1,0.082,1,0.077
0.765891102837898,0.76623713860296,0.790860666552235,0.766966051664132,0.791359402007435,1,0.109,1,0.109,1,0.102,1,0.108,1,0.098
0.763957952188774,0.76416221796328,0.784574896632299,0.764332353723353,0.78489741374947,1,0.104,1,0.104,1,0.098,1,0.1,1,0.099
0.749930825866341,0.749360414083826,0.771183217635754,0.750428957764002,0.772209043278411,1,0.106,1,0.106,1,0.099,0,0.103,1,0.099
0.787756822371083,0.788296596114546,0.805362395092367,0.789131908026585,0.805962198837298,1,0.086,1,0.086,1,0.085,1,0.089,1,0.084
0.809913301047974,0.809873128397522,0.823493989879155,0.810153687736687,0.82372084071162,1,0.084,1,0.084,1,0.083,1,0.082,1,0.083
0.75930073837923,0.759723540194752,0.780869605071541,0.760961295993875,0.782129378904324,1,0.109,1,0.109,1,0.106,1,0.108,1,0.108
0.797296707837825,0.797351860611708,0.8116106203111,0.79832235462625,0.812692330718429,1,0.082,1,0.082,1,0.076,1,0.081,1,0.075
0.809038608841593,0.809125724373082,0.83029124418035,0.809444681034494,0.830483788697342,1,0.08,1,0.08,1,0.073,1,0.081,1,0.073
0.772972954901593,0.772963103241262,0.799203630485126,0.774102049236125,0.800040797444205,1,0.097,1,0.097,1,0.09,1,0.099,1,0.089
0.793272075520737,0.793392624363817,0.809822267397897,0.79604568953813,0.81251770285667,1,0.093,1,0.092,1,0.092,1,0.09,1,0.09
0.788800986045936,0.788634015523538,0.810884002367883,0.790076120740568,0.811973175415864,1,0.094,1,0.095,1,0.089,1,0.093,1,0.09
0.831686203438724,0.831954522968399,0.849378310297041,0.83268953851867,0.849729514677389,1,0.067,1,0.068,0,0.063,1,0.066,0,0.062
0.76586634497612,0.765650824069931,0.779408012539161,0.766538695872484,0.780304803548665,1,0.103,1,0.104,1,0.103,1,0.104,1,0.1
0.71283671413605,0.713294438806156,0.738707750911761,0.715222573334986,0.740358816895172,0,0.132,0,0.134,0,0.133,0,0.134,0,0.13
0.754138963781259,0.753863121501147,0.773864151126004,0.755802548109559,0.775684897200835,0,0.095,0,0.097,1,0.093,0,0.097,1,0.095
0.756166299204599,0.75535589489785,0.771779159365557,0.757283495647024,0.77391724794964,1,0.11,1,0.111,1,0.109,1,0.107,1,0.106
0.766179372911428,0.767942181817716,0.793468141890801,0.768828619899281,0.794125208272048,1,0.105,1,0.104,1,0.097,1,0.103,1,0.097
0.764837831801511,0.764964939702975,0.790379100391242,0.76531538911275,0.790658011366073,1,0.108,1,0.107,1,0.101,1,0.108,1,0.099
0.76997202627098,0.770272336997746,0.793168440265082,0.770697110155901,0.793735691698006,1,0.107,1,0.106,1,0.1,1,0.105,1,0.099
0.782505383370496,0.782672575639798,0.807613354441344,0.783145122221583,0.80813521365225,1,0.091,1,0.092,1,0.087,1,0.091,1,0.087
0.772718418402144,0.772891351480184,0.795000573614232,0.773654718352267,0.795753420077105,1,0.103,1,0.103,1,0.102,1,0.103,1,0.098
0.787063778466818,0.786563135324611,0.805363187123872,0.787515487853136,0.806546389235326,1,0.098,1,0.101,1,0.096,1,0.099,1,0.096
0.754145290104194,0.754647939777941,0.778365017942107,0.756338299237236,0.779799523804353,1,0.12,1,0.119,1,0.117,1,0.114,1,0.115
0.792488815087433,0.793233927486779,0.818301438664195,0.793348895433154,0.818437789408137,1,0.093,1,0.092,1,0.084,1,0.094,1,0.084
0.763975899264429,0.764967319486279,0.800539066729993,0.765338002208141,0.800876582789983,1,0.107,1,0.106,1,0.095,1,0.108,1,0.095
0.820503290395438,0.820354565318956,0.841974257054692,0.821373343549895,0.842930523857624,1,0.074,1,0.074,0,0.071,1,0.074,0,0.07
0.790467747351822,0.790440353648965,0.812363930306287,0.790866714721223,0.812751451415698,1,0.094,1,0.094,1,0.087,1,0.093,1,0.089
0.794581024097628,0.794467855412079,0.820698946825478,0.795337827423131,0.821477848148122,1,0.086,1,0.085,1,0.083,1,0.085,1,0.084
0.781410794741826,0.781475387013892,0.804578741827083,0.781793993906468,0.805030185761605,1,0.093,1,0.093,1,0.088,1,0.093,1,0.087
0.752953584145758,0.753580733177814,0.762306259279278,0.754214927248678,0.762777911097223,0,0.1,0,0.101,1,0.103,0,0.105,1,0.105
0.781999834763417,0.782775453244057,0.801090708737914,0.78435808641952,0.802335351663788,1,0.095,1,0.093,1,0.089,1,0.093,1,0.087
0.746106994373416,0.746578093382673,0.77311473841065,0.748897237431522,0.775260724942943,0,0.108,0,0.107,1,0.1,0,0.105,1,0.099
0.791857021511054,0.791764713755056,0.812710524170662,0.794232554248427,0.81548176216846,1,0.089,1,0.089,1,0.086,1,0.086,1,0.084
0.800276214482192,0.800263186055661,0.818238774266916,0.80120731823789,0.818897475112674,1,0.091,1,0.09,1,0.087,1,0.091,1,0.085
0.755260837641508,0.755418262604575,0.764981085137125,0.756616578224952,0.766218727672031,1,0.097,1,0.099,1,0.098,1,0.097,1,0.099
0.811543986875395,0.811724547729679,0.826662434465226,0.811836792859462,0.826882927989676,1,0.089,1,0.088,1,0.083,1,0.088,1,0.085
0.85371979780179,0.853831411623882,0.872219629186345,0.854023268378467,0.872406459594951,0,0.063,0,0.063,0,0.061,0,0.063,0,0.06
0.78994834468185,0.789734744283631,0.809766915175359,0.793390392902926,0.812579382323354,1,0.091,1,0.091,1,0.087,1,0.088,1,0.085
0.797049864497011,0.796971579425275,0.816080070654925,0.797792178499277,0.817119022996833,1,0.087,1,0.087,1,0.085,1,0.087,1,0.084
0.760570100203867,0.759984354539149,0.783559769572728,0.764597827077779,0.787527605859588,1,0.099,1,0.098,1,0.094,1,0.095,1,0.09
0.743070570478772,0.743364476826111,0.767653655718701,0.743840875195205,0.768043921640325,0,0.12,0,0.12,1,0.114,0,0.117,1,0.115
0.796223937439744,0.796372984449663,0.814461704057347,0.796451378933735,0.814674928265542,1,0.087,1,0.087,1,0.083,1,0.088,1,0.081
0.784720571750452,0.784507865652181,0.797329909546343,0.785424631994602,0.798273728701599,1,0.088,1,0.088,1,0.086,1,0.09,1,0.087
0.780306663266381,0.779826356253679,0.803932043939309,0.782458648607362,0.806636957740133,1,0.096,1,0.095,1,0.09,1,0.093,1,0.088
0.813014536881979,0.812574942086889,0.827690044056927,0.813707102038986,0.828963759047256,1,0.076,1,0.076,1,0.073,1,0.076,1,0.073
0.795978752260398,0.796913315856724,0.81846949363201,0.797468297496801,0.818941502983094,1,0.089,1,0.088,1,0.088,1,0.089,1,0.088
0.820351706007185,0.820031366310228,0.83527846268475,0.821473925723655,0.836636090923372,1,0.073,1,0.074,1,0.069,1,0.073,1,0.068
0.76110968282534,0.761003526841544,0.785885988995408,0.761297902646883,0.786371692134195,1,0.11,1,0.109,1,0.104,1,0.109,1,0.103
0.791131054407924,0.791097188938316,0.81473656576563,0.791678834073371,0.815042282054419,1,0.095,1,0.095,1,0.088,1,0.094,1,0.088
0.795502304892699,0.795586701392694,0.81623143415025,0.796770724942459,0.817073800353467,1,0.089,1,0.09,1,0.087,1,0.088,1,0.086
0.791319895320242,0.791252946796082,0.805939721620091,0.792229293968314,0.806658405175743,1,0.091,1,0.092,1,0.089,1,0.091,1,0.088
0.768917848417276,0.769581590579764,0.793937708263816,0.769983132665004,0.794312319025746,1,0.105,1,0.105,1,0.102,1,0.104,1,0.099
0.776196880441098,0.776512316292681,0.800446126930776,0.776644697977314,0.800716481736656,1,0.096,1,0.097,1,0.092,1,0.099,1,0.093
0.765831891832521,0.765753690710704,0.788444790353425,0.76631746099482,0.788937245606482,1,0.101,1,0.101,1,0.095,1,0.101,1,0.096
0.79073416209849,0.790616813807053,0.804943282522842,0.791115637885523,0.805498196412838,1,0.096,1,0.095,1,0.095,1,0.095,1,0.092
0.740940500242278,0.742040455495446,0.772430658818382,0.742787535107797,0.773263949106239,0,0.125,0,0.125,1,0.119,0,0.122,1,0.116
0.772934450646016,0.771973423444803,0.791562559687525,0.774693630045295,0.794237063917879,1,0.095,1,0.096,1,0.094,1,0.096,1,0.092
0.748267129906514,0.748805770229731,0.772449579688046,0.750002476936024,0.773547973711816,0,0.114,0,0.114,1,0.111,0,0.111,1,0.11
0.768848886898205,0.769043725330318,0.790550299537102,0.770327434022395,0.791840714235419,1,0.108,1,0.107,1,0.102,1,0.106,1,0.102
0.789150761519183,0.789345095885094,0.811778084156696,0.789860858336429,0.81242524175748,1,0.095,1,0.095,1,0.091,1,0.095,1,0.093
0.780948671743301,0.78092436094559,0.805773918848727,0.781774285633298,0.80661192612743,1,0.102,1,0.103,1,0.094,1,0.106,1,0.093
0.698342242540004,0.697693305273322,0.711048549519072,0.699842865188405,0.712772828843833,0,0.118,0,0.119,0,0.114,0,0.115,0,0.11
0.765065323473895,0.765326691448316,0.784563787065318,0.765732929564884,0.784984379977795,1,0.101,1,0.1,1,0.095,1,0.101,1,0.094
0.74673977139875,0.746707256120424,0.764457037763367,0.747231293937125,0.764913588660609,0,0.108,0,0.108,1,0.107,0,0.105,1,0.104
0.787240612505905,0.787340877797661,0.809363265359092,0.787881461488175,0.809681849485569,1,0.091,1,0.092,1,0.086,1,0.091,1,0.084
0.793214454311525,0.793246087839859,0.814824604530614,0.793425964622618,0.814888180702361,1,0.087,1,0.088,1,0.084,1,0.088,1,0.085
0.784029963773111,0.78427964256512,0.809755748819684,0.785752905479034,0.811490436292134,1,0.102,1,0.102,1,0.095,1,0.102,1,0.095
0.758493556227423,0.760316123129794,0.782767143473538,0.762713541842544,0.785010715094176,1,0.11,1,0.108,1,0.103,1,0.106,1,0.099
0.749300177616055,0.748955799647209,0.77009152944231,0.750400652322748,0.77140215635142,1,0.11,1,0.111,1,0.108,1,0.112,1,0.106
0.786857876398649,0.787518960770464,0.812484753194195,0.789355554968869,0.813899332263491,1,0.099,1,0.098,1,0.092,1,0.099,1,0.092
0.806300113241843,0.806198663001186,0.823908692567828,0.807553396794009,0.825376327400327,1,0.083,1,0.083,1,0.078,1,0.081,1,0.076
0.728489057239057,0.729102100274684,0.744494012788507,0.732063054067371,0.74789431540724,0,0.116,0,0.116,0,0.113,0,0.113,0,0.111
0.753876094761148,0.753936839809029,0.778327371748951,0.754234028251411,0.778522811824459,1,0.117,1,0.117,1,0.114,1,0.116,1,0.113
0.785878820426044,0.785753933729545,0.80040301369926,0.786822621774196,0.801947964586114,1,0.091,1,0.092,1,0.091,1,0.092,1,0.091
0.761429837892604,0.760920385959056,0.780569234264392,0.761877400142566,0.781379432300359,1,0.104,1,0.104,1,0.103,1,0.102,1,0.101
0.757685630835913,0.757804728801264,0.782544524847101,0.759327478884505,0.783531682099995,1,0.106,1,0.106,1,0.105,1,0.107,1,0.105
0.764994196187108,0.765095885817075,0.78904263567087,0.765210546255534,0.789270258098911,1,0.104,1,0.104,1,0.095,1,0.104,1,0.095
0.73040424010432,0.730284875314699,0.758279596754243,0.730921340308295,0.758992439389353,0,0.116,0,0.115,1,0.107,0,0.114,1,0.107
0.805258957076978,0.805210758859268,0.831396998375411,0.805891049555677,0.831859611989853,1,0.083,1,0.083,1,0.078,1,0.082,1,0.078
0.770850246239421,0.771138600476107,0.79759301469619,0.772216215543512,0.798465134719317,1,0.106,1,0.107,1,0.095,1,0.106,1,0.095
0.773684896323615,0.77352351092669,0.798040585378924,0.774012425208926,0.79862606380807,1,0.107,1,0.108,1,0.103,1,0.107,1,0.102
0.793137983248627,0.793406272938601,0.812171205856224,0.793838288912721,0.81285273064222,1,0.094,1,0.094,1,0.091,1,0.094,1,0.09
0.792944923011032,0.792941013614924,0.811113861739214,0.793761654319595,0.812047521522967,1,0.085,1,0.085,1,0.08,1,0.087,1,0.08
0.767488362251375,0.767996940319265,0.791213667946478,0.768679417812325,0.791867869435103,1,0.104,1,0.104,1,0.101,1,0.105,1,0.099
0.822540811407652,0.822303778160359,0.843871726220565,0.824181472669446,0.8458641561604,1,0.076,1,0.076,0,0.072,1,0.074,0,0.071
0.756002586116343,0.756227472313989,0.782277126444135,0.756453819371563,0.782425240246865,1,0.104,1,0.105,1,0.098,1,0.105,1,0.1
0.789161552027752,0.788914112093491,0.812564550608556,0.790752502347676,0.814416066431761,1,0.088,1,0.089,1,0.081,1,0.088,1,0.079
0.781371693580197,0.781724275793305,0.806291166457231,0.781751304591376,0.806320526851632,1,0.099,1,0.1,1,0.094,1,0.101,1,0.096
0.767076201719595,0.766863744233435,0.791068375860428,0.767788987293917,0.792321451065381,1,0.102,1,0.103,1,0.099,1,0.1,1,0.098
0.774300005778214,0.773994588374347,0.798625082947472,0.774988842549931,0.799350512460776,1,0.105,1,0.106,1,0.102,1,0.104,1,0.101
0.777590004956947,0.777984657257671,0.795731692146446,0.780094572411392,0.797801941522638,1,0.097,1,0.097,1,0.095,1,0.095,1,0.093
0.763343701987988,0.763711614288476,0.781932631164403,0.765303658771266,0.783241975649951,1,0.111,1,0.112,1,0.108,1,0.107,1,0.107
0.784323361176684,0.78410371738146,0.806387634372237,0.785227839752556,0.807388921418195,1,0.093,1,0.093,1,0.089,1,0.094,1,0.088
0.791555058809771,0.79147492798781,0.814755713813178,0.791695734898481,0.814960551973642,1,0.095,1,0.094,1,0.09,1,0.094,1,0.091
0.800683885141703,0.800452963616227,0.824684262414908,0.801708134504378,0.825842764594421,1,0.097,1,0.098,1,0.095,1,0.093,1,0.091
0.741898543996045,0.741276634239104,0.769559899588877,0.745069541894384,0.773473709956087,0,0.123,0,0.123,1,0.122,0,0.121,1,0.12
0.787953427428624,0.788112711406172,0.808899433995817,0.790436680326645,0.810991539758444,1,0.096,1,0.095,1,0.093,1,0.095,1,0.092
0.765217742685618,0.765337487670168,0.782754463994286,0.766716208220215,0.783965820206266,1,0.097,1,0.097,1,0.094,1,0.095,1,0.093
0.791568396869145,0.791564025042478,0.812723604118073,0.792575721964973,0.813743830847075,1,0.085,1,0.085,1,0.082,1,0.085,1,0.082
0.779812862172288,0.780187671891209,0.815964377249218,0.780633080844528,0.816437621748261,1,0.098,1,0.098,1,0.087,1,0.097,1,0.087
0.737520502023403,0.737913588361838,0.765349780448789,0.739490370444927,0.766708444097777,0,0.111,0,0.11,1,0.1,0,0.107,1,0.102
0.807530027987541,0.807544411593467,0.830820059046124,0.807980614032719,0.831240821183537,1,0.082,1,0.083,1,0.075,1,0.083,1,0.074
0.810058460884354,0.810135145413735,0.834726870773549,0.810429601225032,0.83509342478031,1,0.086,1,0.085,1,0.083,1,0.086,1,0.082
0.791670782516681,0.791158602094018,0.818307788427845,0.793763435441241,0.820368531668949,1,0.086,1,0.086,1,0.083,1,0.084,1,0.08
0.783335421839161,0.783818623906393,0.797791121059793,0.786329148211616,0.799825415224065,1,0.09,1,0.089,1,0.087,1,0.087,1,0.084
0.781948146308457,0.782906070096634,0.806663749040704,0.783383096239534,0.807344817047604,1,0.094,1,0.093,1,0.087,1,0.091,1,0.086
0.804786652163129,0.805140942318461,0.83000028280209,0.805245004368404,0.830089326779478,1,0.096,1,0.095,1,0.09,1,0.094,1,0.09
0.80224020329009,0.802552057309102,0.826696275829176,0.805413134667385,0.829350161635814,1,0.096,1,0.095,1,0.091,1,0.093,1,0.088
0.770360692856552,0.771035160353133,0.789631196101283,0.771315539116649,0.789863496375086,1,0.092,1,0.093,1,0.089,1,0.091,1,0.089
0.804866483608612,0.804668449429695,0.828180198570813,0.805037223954899,0.828392665090055,1,0.082,1,0.082,1,0.079,1,0.083,1,0.078
0.739131871035941,0.739055652960343,0.764618247233889,0.740388553874574,0.765648771807144,0,0.117,0,0.118,1,0.112,0,0.116,1,0.112
0.758521109491611,0.759157356752201,0.785992410522006,0.760306791817174,0.787424733373651,1,0.109,1,0.108,1,0.104,1,0.108,1,0.102
0.778068223731959,0.778904220968864,0.804129216880217,0.780081346441408,0.805059498395656,1,0.094,1,0.093,1,0.092,1,0.094,1,0.09
0.799731227052555,0.799943946177803,0.815458671119593,0.800008516595318,0.81555207082765,1,0.091,1,0.091,1,0.087,1,0.091,1,0.088
0.767414962543025,0.767210833302173,0.791137536278848,0.767839656290899,0.791911652571925,1,0.097,1,0.097,1,0.093,1,0.097,1,0.094
0.784297327712256,0.785387542945799,0.808704305834044,0.786905273313096,0.809856920335931,1,0.094,1,0.092,1,0.088,1,0.094,1,0.086
0.799035278702737,0.79978643462893,0.819032624296659,0.800356306706726,0.819566230718587,1,0.089,1,0.089,1,0.088,1,0.087,1,0.088
0.84528703588784,0.845632206730868,0.863524706095308,0.846027746712412,0.863774063225218,0,0.071,0,0.071,0,0.066,0,0.071,0,0.067
0.793797782654907,0.793510857506849,0.814123401312343,0.794652359197285,0.815349590576173,1,0.091,1,0.092,1,0.087,1,0.091,1,0.086
0.791730877028332,0.792299897004003,0.817985820705049,0.793479939758534,0.818786373758779,1,0.086,1,0.087,1,0.08,1,0.086,1,0.079
0.757437668063979,0.758379384421477,0.774926472110519,0.759232794208767,0.775716477514203,0,0.094,1,0.094,1,0.092,0,0.092,1,0.091
0.749180644549534,0.748887162682157,0.772448715521072,0.749940090391106,0.773667586836161,0,0.097,0,0.096,1,0.093,0,0.097,1,0.095
0.812248253185368,0.812340086818423,0.833756110486082,0.813713847547767,0.834757967732503,1,0.077,1,0.078,1,0.076,1,0.077,1,0.073
0.806820504325783,0.8067904092566,0.828279509758588,0.807415902164647,0.828955390036638,1,0.087,1,0.087,1,0.08,1,0.086,1,0.081
0.806489712217989,0.806076606057141,0.824324291709317,0.807633095871047,0.825846005359019,1,0.083,1,0.084,1,0.079,1,0.084,1,0.079
0.75898281354575,0.757875019199125,0.779905610642061,0.760369849813009,0.783070215891665,1,0.097,1,0.099,1,0.093,1,0.098,1,0.092
0.746682423996112,0.746428589256993,0.766730241815915,0.747268012470232,0.767803659040716,0,0.1,0,0.1,1,0.095,0,0.102,1,0.096
0.818598238018389,0.818419992377155,0.840559119376766,0.819256432648746,0.841424868966473,1,0.077,1,0.077,0,0.072,1,0.076,0,0.071
0.790830117271102,0.79089520180029,0.814258953799996,0.791366018787326,0.81495501540718,1,0.096,1,0.097,1,0.097,1,0.097,1,0.096
0.798400184975172,0.798467848316449,0.816014956060515,0.801013653277777,0.818361567458845,1,0.084,1,0.083,1,0.08,1,0.08,1,0.078
0.802543518815888,0.803253319987002,0.823243020162267,0.803719427094119,0.823516749454392,1,0.086,1,0.086,1,0.079,1,0.086,1,0.08
0.74491346340831,0.745651084788585,0.773326239889173,0.746263572649578,0.773551812481189,0,0.119,0,0.12,1,0.113,0,0.118,1,0.111
0.813678969977121,0.813566042508599,0.836144700744836,0.814626297359623,0.836954874857388,1,0.083,1,0.083,1,0.08,1,0.083,1,0.08
0.738227978797797,0.736510001956467,0.756462585300459,0.740157916562273,0.759843463028916,0,0.114,0,0.115,1,0.113,0,0.11,1,0.106
0.785078066312593,0.784618524745024,0.807713220800374,0.787228819950924,0.8104355583077,1,0.098,1,0.1,1,0.098,1,0.096,1,0.095
0.772031257154632,0.771920494386093,0.786237309070093,0.77245323697171,0.786518578045171,1,0.1,1,0.1,1,0.097,1,0.101,1,0.096
0.782577399308326,0.782564828199416,0.803818184089993,0.783051355837035,0.804297805291972,1,0.094,1,0.094,1,0.095,1,0.094,1,0.093
0.803865936429856,0.80363849411874,0.825277396619991,0.805141133797355,0.826423050411242,1,0.085,1,0.085,1,0.078,1,0.083,1,0.076
0.779420479603087,0.77980214788575,0.804516923509688,0.780819734437002,0.805503293657416,1,0.099,1,0.099,1,0.095,1,0.096,1,0.093
0.748966229919142,0.749090140362223,0.766834322880215,0.749247486731221,0.767192935544817,0,0.109,0,0.109,1,0.106,0,0.107,1,0.107
0.788000133815068,0.787569750078095,0.806285541878632,0.789493697238982,0.80795694632635,1,0.093,1,0.092,1,0.09,1,0.092,1,0.089
0.769280965450181,0.769451013157828,0.795351957128493,0.771552822853105,0.79724227246387,1,0.101,1,0.101,1,0.098,1,0.102,1,0.099
0.826839278392106,0.826605202781929,0.844198062263718,0.827194991095094,0.8448971843684,1,0.081,1,0.082,0,0.079,1,0.081,0,0.077
0.771411936393676,0.770985029008999,0.79967572093514,0.771973949142061,0.800612867503935,1,0.098,1,0.098,1,0.092,1,0.097,1,0.093
0.808205062969088,0.808803709886536,0.829501929953428,0.809499813676701,0.829966177456735,1,0.08,1,0.08,1,0.078,1,0.079,1,0.077
0.777374479216765,0.777784162697943,0.804344317949162,0.778618771284347,0.804857279200662,1,0.104,1,0.103,1,0.095,1,0.101,1,0.097
0.78979349961371,0.789744889739311,0.81278600075758,0.791005465637236,0.814480425188954,1,0.096,1,0.097,1,0.093,1,0.095,1,0.092
0.812920766130005,0.813078508340115,0.836866687177284,0.814182798849722,0.838172815280654,1,0.086,1,0.086,1,0.082,1,0.086,1,0.08
0.807659171266559,0.80749405030279,0.820872248377972,0.808215459998726,0.82148411070616,1,0.081,1,0.081,1,0.079,1,0.082,1,0.079
0.763654899141121,0.764010079374849,0.794313466533018,0.765079572566838,0.794886609374642,1,0.099,1,0.098,1,0.096,1,0.099,1,0.095
0.777210046786506,0.776409151157013,0.792535205102477,0.778340958555884,0.794335459619587,1,0.093,1,0.093,1,0.09,1,0.093,1,0.088
0.787525995356117,0.787191827617739,0.811286561829813,0.788077276828449,0.811895133101664,1,0.097,1,0.097,1,0.089,1,0.097,1,0.089
0.767445805402497,0.767758598691275,0.782699540027773,0.769178245746125,0.784005524809295,1,0.104,1,0.103,1,0.104,1,0.101,1,0.102
0.753614347667067,0.754247677439692,0.774576325168618,0.754734592505398,0.775035038388578,1,0.105,1,0.104,1,0.101,1,0.104,1,0.104
0.797885477684098,0.797745606215887,0.814446058782486,0.798725859363512,0.815227622298399,1,0.081,1,0.081,1,0.082,1,0.08,1,0.082
0.766213930669421,0.766807812018916,0.787047136292841,0.767289783257621,0.787492630044344,1,0.111,1,0.11,1,0.108,1,0.113,1,0.109
0.76039408292749,0.760356583171312,0.787235213033042,0.76069702152652,0.787543419902793,1,0.104,1,0.106,1,0.1,1,0.105,1,0.101
0.793907186390877,0.793722825839103,0.817385549606018,0.794555191842699,0.818234404871242,1,0.094,1,0.094,1,0.09,1,0.093,1,0.089
0.770845157911404,0.771286828764525,0.786028222574964,0.773834529998773,0.788417460206663,1,0.092,1,0.092,1,0.09,1,0.09,1,0.089
0.760467788059291,0.760511308065376,0.784983556883061,0.761124246649793,0.785479653917602,1,0.105,1,0.107,1,0.099,1,0.106,1,0.096
0.792949529652797,0.792859532292589,0.8152222382878,0.794617630476393,0.816839401972953,1,0.085,1,0.085,1,0.079,1,0.083,1,0.077
0.790956723519818,0.790772592889214,0.81274241919951,0.791793750548938,0.813826976515081,1,0.097,1,0.097,1,0.091,1,0.098,1,0.091
0.778678925558227,0.778746726808019,0.797433086632544,0.77884944686656,0.797587764940553,1,0.089,1,0.089,1,0.089,1,0.088,1,0.088
0.78398851590106,0.783859761534874,0.805482402592452,0.784668958942433,0.806410745422508,1,0.096,1,0.097,1,0.095,1,0.097,1,0.093
0.807890981448355,0.807594703698018,0.825579211455061,0.808585767813702,0.82710049975684,1,0.085,1,0.085,1,0.082,1,0.082,1,0.079
0.775989150445614,0.775832987806538,0.79560340392454,0.776314760086351,0.796124347417003,1,0.101,1,0.101,1,0.095,1,0.101,1,0.094
0.7782360364877,0.778301512374778,0.793246505555295,0.778419703166583,0.793346940202179,1,0.097,1,0.096,1,0.093,1,0.096,1,0.092
0.800702215507331,0.801176579583187,0.827000739023067,0.801589106069345,0.82751587360911,1,0.092,1,0.092,1,0.082,1,0.092,1,0.081
0.770365647876475,0.769985084950381,0.797106346564188,0.771379813741296,0.798182950251101,1,0.099,1,0.1,1,0.095,1,0.101,1,0.094
0.826606991033893,0.826863292988094,0.839701397462611,0.827641451995327,0.840340092181018,1,0.078,1,0.078,1,0.074,1,0.079,1,0.075
0.72634956661789,0.727492621704219,0.754111411473748,0.727643394257099,0.754302189480451,0,0.122,0,0.122,1,0.119,0,0.122,1,0.12
0.756478759433133,0.757404754742671,0.778677083673608,0.75935679107842,0.780518795442552,1,0.105,1,0.103,1,0.101,1,0.101,1,0.102
0.741521793448305,0.741270395946305,0.760988909293638,0.742274586472188,0.761705671799604,0,0.11,0,0.11,1,0.112,0,0.109,1,0.11
0.78474598119612,0.784694740053425,0.803226830237539,0.785474599280893,0.80391819480868,1,0.095,1,0.095,1,0.093,1,0.093,1,0.091
0.785683721123546,0.785714677233402,0.809786356035651,0.787058526881096,0.810967231010945,1,0.095,1,0.094,1,0.088,1,0.091,1,0.086
0.824163295025514,0.824626184549094,0.843756766694536,0.824899494851346,0.843984484106465,1,0.072,1,0.071,0,0.067,1,0.07,0,0.067
0.752403807826912,0.752499728301405,0.776717102788795,0.754132558504618,0.77785574076998,0,0.105,0,0.106,1,0.106,0,0.105,1,0.105
0.831925046435498,0.831857148543679,0.846972175286783,0.832357808977806,0.847419729547332,1,0.074,1,0.074,0,0.071,1,0.072,0,0.069
0.792846806355667,0.793708626101981,0.811669457815765,0.794011940404793,0.811970406935247,1,0.084,1,0.084,1,0.081,1,0.087,1,0.081
0.836408135933329,0.836527582940274,0.85285968668926,0.837697545335178,0.853871210932989,1,0.071,1,0.071,0,0.068,1,0.07,0,0.068
0.728385369259833,0.729492695209365,0.75279756862968,0.73214799294289,0.755409462885522,0,0.116,0,0.115,1,0.11,0,0.114,1,0.111
0.792690638924236,0.792839972085345,0.811509263367899,0.793683640427018,0.81236513776161,1,0.087,1,0.087,1,0.082,1,0.087,1,0.08
0.830673602767021,0.830751700061167,0.847898368629246,0.831808523764506,0.84893110525156,1,0.071,1,0.071,0,0.066,1,0.07,0,0.066
0.752006824099847,0.751017726877136,0.773608479743768,0.754534100110338,0.777446802641111,1,0.116,1,0.116,1,0.116,1,0.114,1,0.111
0.771271781219748,0.771228068223037,0.794577027085003,0.77313472040321,0.797008319959406,1,0.111,1,0.111,1,0.105,1,0.109,1,0.107
0.763648054043663,0.762917781517546,0.793920345843928,0.76674382474721,0.798028253962936,1,0.113,1,0.113,1,0.111,1,0.113,1,0.107
0.789633372287115,0.789628145293002,0.806065252988015,0.790033279784394,0.806551160165825,1,0.09,1,0.089,1,0.084,1,0.089,1,0.086
0.737304635873622,0.737107174860069,0.761129215387995,0.737424713332013,0.761462761345499,0,0.12,0,0.12,1,0.114,0,0.121,1,0.116
0.765566378526736,0.765576240454277,0.788337601558162,0.765710107393908,0.788495855591976,1,0.111,1,0.112,1,0.106,1,0.113,1,0.104
0.776772142914025,0.77724257527068,0.792879049296361,0.779220412306192,0.794378929882606,1,0.1,1,0.1,1,0.1,1,0.1,1,0.099
0.760179863485982,0.761005741155363,0.785146901605727,0.761496772876318,0.785645603986274,1,0.103,1,0.103,1,0.097,1,0.1,1,0.098
0.773458898162833,0.77360409635966,0.799664859383991,0.774485026390939,0.800672232036327,1,0.104,1,0.105,1,0.1,1,0.104,1,0.105
0.747795560935699,0.748607428550309,0.77500055952854,0.750610921465408,0.776923335270644,0,0.11,0,0.11,1,0.107,0,0.107,1,0.105
0.79614958006249,0.795886580425591,0.818811591843656,0.796848884026367,0.819603400820596,1,0.088,1,0.088,1,0.085,1,0.086,1,0.086
0.800409230273893,0.800539142961208,0.823241048460751,0.800749220046375,0.823478547009345,1,0.09,1,0.09,1,0.087,1,0.089,1,0.086
0.788950174490173,0.789208927217143,0.81177986501604,0.790167940011176,0.812754661893863,1,0.097,1,0.097,1,0.09,1,0.099,1,0.09
0.815073209818084,0.815398032784472,0.832322112843262,0.816141550332789,0.833095754409322,1,0.075,1,0.074,1,0.072,1,0.076,1,0.072
0.800381079470459,0.801203216238796,0.820640557763357,0.80299748291592,0.822322152725846,1,0.088,1,0.086,1,0.087,1,0.084,1,0.084
0.76127136882927,0.761320972267339,0.787188847952004,0.761596974605705,0.787641604543564,1,0.112,1,0.113,1,0.106,1,0.113,1,0.105
0.790709261376461,0.791118616769649,0.817154643801214,0.792085374106874,0.817705366052898,1,0.091,1,0.09,1,0.084,1,0.089,1,0.082
0.804794973788912,0.804813684314902,0.823834598057522,0.804940125679011,0.823982419786092,1,0.086,1,0.086,1,0.083,1,0.085,1,0.083
0.783149024872809,0.782926154421333,0.80289712153917,0.784147030545851,0.803749588580423,1,0.098,1,0.097,1,0.093,1,0.097,1,0.093
0.783778707700419,0.783858982530273,0.804696698450385,0.784076516734317,0.805022930794564,1,0.092,1,0.092,1,0.089,1,0.092,1,0.089
0.77483101908305,0.774643280831993,0.790790688509352,0.775319361230659,0.79137939126039,1,0.096,1,0.097,1,0.097,1,0.095,1,0.096
0.767221762395207,0.767140455646962,0.793614872432539,0.768829013471617,0.794765467694911,1,0.11,1,0.11,1,0.105,1,0.106,1,0.103
0.781532203585112,0.781557816463845,0.80211543412565,0.782458616476562,0.803280331755563,1,0.101,1,0.101,1,0.097,1,0.101,1,0.095
0.78885113328185,0.789023164412628,0.809701119381772,0.791720361708334,0.812332068424617,1,0.088,1,0.088,1,0.084,1,0.085,1,0.083
0.77463363379162,0.775047688925271,0.79632104807082,0.776337834976601,0.797406500833724,1,0.106,1,0.106,1,0.1,1,0.104,1,0.1
0.806731895614864,0.806584224716237,0.825115930729634,0.807313000789982,0.826101396448805,1,0.086,1,0.085,1,0.084,1,0.085,1,0.082
0.774173857249379,0.77422509001166,0.796981224402239,0.777492681457022,0.799679707880252,1,0.103,1,0.103,1,0.102,1,0.098,1,0.097
0.798572461617407,0.798636105902455,0.812982059055594,0.799286218604799,0.813741739525941,1,0.078,1,0.078,1,0.075,1,0.078,1,0.074
0.748826952696001,0.748780269677777,0.773139391593413,0.749406439075864,0.773543860756963,0,0.111,0,0.111,1,0.111,0,0.109,1,0.109
0.77897378423386,0.778308614760567,0.805036871486311,0.780621833769743,0.807009066235707,1,0.095,1,0.095,1,0.091,1,0.092,1,0.087
0.778114323035988,0.778259546098102,0.797148621686896,0.77843204197366,0.797353269130073,1,0.094,1,0.094,1,0.091,1,0.094,1,0.088
0.757876313011005,0.758794361416796,0.782615141658881,0.759547918111022,0.783230618832043,1,0.104,1,0.103,1,0.1,1,0.101,1,0.098
0.806044294920861,0.806307347192957,0.8292641137546,0.808462734179146,0.831158844137894,1,0.085,1,0.084,1,0.079,1,0.081,1,0.077
0.770370142419281,0.770891760712727,0.793848088873825,0.77172650363741,0.794637511728329,1,0.098,1,0.099,1,0.093,1,0.099,1,0.093
0.777120776961768,0.777694697847217,0.804000739689521,0.778664461564593,0.804840847131097,1,0.104,1,0.104,1,0.095,1,0.101,1,0.093
0.791865525061196,0.791564574929322,0.816772859814489,0.793023931635175,0.818295266904333,1,0.093,1,0.093,1,0.089,1,0.09,1,0.086
0.78502372804482,0.784950222210078,0.80494101998354,0.785638534774369,0.80563540955307,1,0.096,1,0.096,1,0.092,1,0.095,1,0.091
0.795800633126693,0.79586634759196,0.81050635656257,0.796669963164492,0.811440160868237,1,0.091,1,0.091,1,0.088,1,0.09,1,0.086
0.771294422632614,0.771396282731607,0.792455177043156,0.771921653700368,0.7929853680041,1,0.089,1,0.089,1,0.082,1,0.086,1,0.083
0.754827268906013,0.755053068486773,0.780133418455307,0.755323428527649,0.780448950226248,1,0.111,1,0.111,1,0.108,0,0.109,1,0.104
0.789328017565147,0.78906986294074,0.806272574517911,0.79070355953815,0.807797023821846,1,0.095,1,0.096,1,0.097,1,0.094,1,0.096
0.809382680289878,0.809495022022879,0.827691289560742,0.809885938559311,0.828048520782459,1,0.08,1,0.08,1,0.076,1,0.079,1,0.076
0.837364019559337,0.837374578463773,0.85905131580236,0.837759574283433,0.859385788913026,1,0.073,1,0.073,0,0.069,1,0.072,0,0.069
0.735956554944068,0.735941178402836,0.765074917551698,0.737287013855185,0.766131629532935,0,0.109,0,0.109,1,0.102,0,0.108,1,0.102
0.797256137876317,0.797931468902341,0.815025452801543,0.79850127935816,0.815922239231727,1,0.088,1,0.088,1,0.084,1,0.085,1,0.082
0.738024529371012,0.738035161847316,0.760870081362089,0.738478139535948,0.761281949043677,0,0.112,0,0.113,1,0.109,0,0.111,1,0.11
0.773214072869326,0.773256955940719,0.786771650315904,0.773735321308231,0.787575039252997,1,0.089,1,0.089,1,0.087,1,0.09,1,0.086
0.758615630400052,0.758916480916924,0.781510118007791,0.759678180366183,0.782054149736763,1,0.109,1,0.108,1,0.102,1,0.105,1,0.102
0.764076009991476,0.764464385531505,0.785939805505532,0.764927611301177,0.786504516694969,1,0.107,1,0.107,1,0.105,1,0.108,1,0.107
0.835739023161177,0.835746662267584,0.859525048216656,0.836975410703576,0.860608104592024,1,0.074,1,0.073,0,0.066,1,0.071,0,0.065
0.724247405051615,0.72578243039848,0.749638085971407,0.726864674696855,0.750634420264947,0,0.123,0,0.12,1,0.119,0,0.126,1,0.118
0.7708453592657,0.772372415916956,0.799847238193432,0.773722062995224,0.800997016423991,1,0.103,1,0.103,1,0.098,1,0.103,1,0.097
0.782106510693759,0.78181252367836,0.792619741859762,0.783028739904685,0.793705670694915,1,0.093,1,0.092,1,0.094,1,0.091,1,0.093
0.749978874090095,0.750662381571199,0.778960168537758,0.751434947880427,0.779934095221175,1,0.108,1,0.108,1,0.104,0,0.106,1,0.103
0.789453459883688,0.789591938115944,0.809510669539246,0.791635790684744,0.811257029388876,1,0.098,1,0.099,1,0.099,1,0.098,1,0.098
0.796981359223854,0.796893262262593,0.810643380572828,0.797543024559445,0.81135887023465,1,0.087,1,0.087,1,0.085,1,0.086,1,0.084
0.784447145960671,0.784032605249751,0.809335385458147,0.78513592326418,0.810369001143177,1,0.101,1,0.101,1,0.097,1,0.098,1,0.095
0.786820228413516,0.787251866678543,0.805264658311595,0.788326784461743,0.806138857941157,1,0.101,1,0.101,1,0.096,1,0.097,1,0.096
0.786973553552541,0.78622269483961,0.799011375245537,0.788257109085797,0.801237317182646,1,0.087,1,0.087,1,0.084,1,0.087,1,0.084
0.816004778772155,0.816235999706877,0.83474522856681,0.816784414115667,0.83522554131257,1,0.081,1,0.082,1,0.075,1,0.082,1,0.074
0.75058446692293,0.750534197216268,0.77593391636532,0.752076871522002,0.777289082781267,1,0.118,1,0.12,1,0.115,1,0.118,1,0.117
0.765174040802945,0.765080681156789,0.784082676879459,0.767432145305679,0.786138895942965,1,0.105,1,0.103,1,0.102,1,0.1,1,0.099
0.803726284048436,0.803862593096134,0.825646479657841,0.804070232558469,0.825787862408531,1,0.084,1,0.086,1,0.079,1,0.082,1,0.078
0.771258438622531,0.771405577317188,0.788916245787273,0.772506018193438,0.790367876388445,1,0.1,1,0.099,1,0.095,1,0.098,1,0.094
0.780044769854964,0.779460143338397,0.804145896558061,0.781026559984165,0.805640227936222,1,0.097,1,0.099,1,0.095,1,0.097,1,0.094
0.738985462083542,0.739157174527004,0.76274100229168,0.739563344758724,0.763423693587227,0,0.109,0,0.109,1,0.105,0,0.11,1,0.106
0.78333179297597,0.783043398930679,0.799356948772151,0.784296231038169,0.799963464187178,1,0.091,1,0.091,1,0.092,1,0.09,1,0.089
0.754356403305012,0.75413912047014,0.779573283927145,0.755430742662949,0.780569206566719,1,0.109,1,0.109,1,0.101,1,0.106,1,0.098
0.75700207953279,0.757239267082726,0.77730380270632,0.758905733384772,0.778728515508201,1,0.107,1,0.106,1,0.1,1,0.106,1,0.099
0.76324807894169,0.763708834701246,0.786575730688038,0.764600540385948,0.78755816910229,1,0.105,1,0.103,1,0.098,1,0.103,1,0.096
0.766559908047609,0.76663714828101,0.793603124519413,0.766940170878939,0.793906586839049,1,0.106,1,0.106,1,0.105,1,0.105,1,0.102
0.768310126362295,0.768141464087325,0.79225120576569,0.768680641230786,0.792909153052593,1,0.097,1,0.097,1,0.091,1,0.097,1,0.09
0.768748952692152,0.768957155688328,0.790224548624881,0.769019252614851,0.790308191307321,1,0.102,1,0.101,1,0.097,1,0.1,1,0.097
0.773474222189062,0.774051731236195,0.790884311165459,0.77671478799003,0.793119039128429,1,0.095,1,0.094,1,0.088,1,0.092,1,0.09
0.789335874988884,0.788791989156955,0.812474698860797,0.790040462349478,0.813695998067707,1,0.092,1,0.093,1,0.083,1,0.091,1,0.081
0.810580972391026,0.810331994898464,0.829170525094917,0.813089951150398,0.831488795484183,1,0.08,1,0.081,1,0.078,1,0.078,1,0.077
0.757756872616843,0.757837461987804,0.77216489611435,0.758103278120663,0.772359229409788,1,0.102,1,0.1,1,0.099,1,0.101,1,0.1
0.776841685538477,0.777489860401923,0.802973293676897,0.777806888321769,0.803325160387971,1,0.102,1,0.102,1,0.093,1,0.106,1,0.097
0.788140243507357,0.788034196290296,0.814058177309887,0.788506001530012,0.814399783937025,1,0.096,1,0.098,1,0.091,1,0.098,1,0.09
0.756445946111376,0.755729402021307,0.776121972290928,0.758741954983442,0.779104116253869,0,0.101,0,0.102,1,0.097,0,0.1,1,0.094
0.763635266933771,0.763733513666382,0.789866032834348,0.764255757763399,0.790315063938552,1,0.107,1,0.108,1,0.1,1,0.105,1,0.1
0.795369107720532,0.795798329560078,0.816395855364807,0.796600883039849,0.817143008954289,1,0.097,1,0.096,1,0.094,1,0.096,1,0.093
0.800141166202831,0.800057177842225,0.819104808982465,0.800470121293972,0.819775276320536,1,0.088,1,0.088,1,0.086,1,0.086,1,0.086
0.812016405804224,0.811981563721935,0.835797082383935,0.812674351734098,0.836373837263121,1,0.091,1,0.09,1,0.086,1,0.091,1,0.086
0.804149379109005,0.805168271540455,0.824302715999627,0.806071451727137,0.825172237463767,1,0.08,1,0.08,1,0.077,1,0.079,1,0.077
0.786230422101962,0.786607477525862,0.805850676585093,0.787706720458138,0.80738221902203,1,0.095,1,0.095,1,0.095,1,0.092,1,0.091
0.775382533569272,0.776682232492977,0.801381033153979,0.777639798689704,0.802151848237575,1,0.091,1,0.091,1,0.088,1,0.089,1,0.086
0.799171353819246,0.798800355760255,0.815216463603081,0.800563512869256,0.817396163640894,1,0.086,1,0.086,1,0.082,1,0.085,1,0.08
0.778796780401904,0.77875395283105,0.790411808417777,0.780020994891673,0.7918271149125,1,0.092,1,0.092,1,0.088,1,0.092,1,0.087
0.800664617706126,0.801936243302274,0.825883089968248,0.802987444960338,0.826834806413013,1,0.086,1,0.084,1,0.078,1,0.085,1,0.078
0.746768996907655,0.748208947948419,0.77401954061723,0.748996761392668,0.774453542118784,0,0.116,1,0.115,1,0.109,0,0.115,1,0.109
0.762455510215541,0.761866177423577,0.783411393507578,0.764742844079193,0.785889196541318,1,0.098,1,0.099,1,0.095,1,0.098,1,0.092
0.755127356972255,0.754768602707264,0.777171834926284,0.755526553002063,0.778151179351702,1,0.103,1,0.104,1,0.1,1,0.104,1,0.1
0.727848378807413,0.727323102613667,0.751620406728839,0.728518999819922,0.752977439936424,0,0.131,0,0.133,1,0.131,0,0.13,1,0.127
0.771789642977733,0.772126496264139,0.796367301889624,0.773224945997792,0.797079379821142,1,0.102,1,0.103,1,0.101,1,0.107,1,0.103
0.752797052431514,0.752768516690353,0.77785630614128,0.753482541768296,0.778447349881007,1,0.115,1,0.115,1,0.114,1,0.115,1,0.113
0.763545613614177,0.76420583259291,0.779695537229887,0.765846101070797,0.780729581542406,1,0.106,1,0.107,1,0.103,1,0.105,1,0.103
0.760074347143201,0.759964860796846,0.784617407879338,0.760804715050175,0.785303695077904,1,0.101,1,0.1,1,0.095,1,0.101,1,0.093
0.753464064883472,0.753296430203844,0.777851065050536,0.755385130698402,0.780037146796382,1,0.113,1,0.113,1,0.107,1,0.11,1,0.104
0.770545153808252,0.770485988698893,0.798240425953195,0.770908590512316,0.798777054190443,1,0.107,1,0.107,1,0.101,1,0.106,1,0.102
0.781058627848286,0.780822771929827,0.803736631979172,0.781240923027101,0.8040192618759,1,0.103,1,0.103,1,0.099,1,0.101,1,0.098
0.81301570320626,0.81308277112823,0.834860029847001,0.813314198403562,0.835110842125918,1,0.088,1,0.087,1,0.084,1,0.089,1,0.084
0.795186932124923,0.795534017250395,0.813142934012353,0.795710030617049,0.813350396271506,1,0.091,1,0.091,1,0.087,1,0.09,1,0.087
0.749661394579011,0.748361113943065,0.769970030096833,0.750508479104198,0.772176772386748,0,0.107,0,0.107,1,0.102,1,0.107,1,0.101
0.739509904022871,0.739701660306735,0.762854272747338,0.740425157649453,0.763494166786201,0,0.113,0,0.114,1,0.112,0,0.113,1,0.111
0.786188820322617,0.786449699905919,0.803005162723777,0.786897581515488,0.803197824017842,1,0.09,1,0.09,1,0.086,1,0.09,1,0.087
0.771786657067435,0.771698737595713,0.792116154585938,0.772064380440271,0.792560009064391,1,0.097,1,0.099,1,0.096,1,0.096,1,0.096
0.78057394479264,0.782014955851632,0.810998195831899,0.784629287017558,0.813113866173381,1,0.096,1,0.095,1,0.088,1,0.092,1,0.086
0.7820184394157,0.781932851622978,0.803127378990988,0.782745228972269,0.803901592293735,1,0.097,1,0.098,1,0.095,1,0.098,1,0.094
0.791059532998366,0.791401593101147,0.807948172741729,0.792476835432556,0.809227199523907,1,0.092,1,0.092,1,0.088,1,0.091,1,0.086
0.795608998776409,0.795314840343839,0.812990435562099,0.796596297415978,0.814217371812805,1,0.082,1,0.083,1,0.077,1,0.081,1,0.076
0.779257903855329,0.779493023294233,0.796783422807343,0.779577171933342,0.796940196263657,1,0.094,1,0.094,1,0.092,1,0.092,1,0.091
0.73613846173143,0.736511736709882,0.761644879002676,0.738533588301404,0.763149002918593,0,0.121,0,0.12,1,0.114,0,0.118,1,0.112
0.757654862767973,0.758117398151615,0.785118732881665,0.759090319541574,0.786293134886284,1,0.108,1,0.107,1,0.1,1,0.106,1,0.099
0.791493819619002,0.791794475157586,0.815209607815808,0.792652643575925,0.816228831131223,1,0.089,1,0.089,1,0.083,1,0.087,1,0.083
0.716322436449806,0.716452751946492,0.742741057827593,0.717391390831976,0.743268942366405,0,0.121,0,0.123,0,0.117,0,0.122,0,0.116
0.802701153647028,0.802495647392708,0.821540710343009,0.803679535840247,0.822665075235622,1,0.082,1,0.082,1,0.078,1,0.081,1,0.078
0.777537069903246,0.777842682149952,0.79814864997563,0.779777183942701,0.799821981330223,1,0.1,1,0.1,1,0.098,1,0.104,1,0.101
0.787741192753644,0.787611349423317,0.806784852150902,0.788605011974787,0.807640582358122,1,0.089,1,0.088,1,0.086,1,0.086,1,0.084
0.803849884638259,0.804286476840625,0.82482014217067,0.805102450774259,0.825808478845918,1,0.084,1,0.086,1,0.079,1,0.087,1,0.08
0.810655591362144,0.810801279903793,0.830586515209685,0.81098499273942,0.830760595027008,1,0.085,1,0.086,1,0.081,1,0.086,1,0.082
0.689193791733266,0.690219128893352,0.715887730897067,0.692547752527234,0.717709085642171,0,0.134,0,0.133,0,0.13,0,0.133,0,0.131
0.752063687945165,0.751654140357963,0.771380193354453,0.753055497829572,0.772627818327244,1,0.113,1,0.112,1,0.108,1,0.111,1,0.109
0.779525129574798,0.779705525810409,0.808216129621671,0.78156880057425,0.809637464163666,1,0.1,1,0.1,1,0.092,1,0.101,1,0.094
0.799386501141143,0.799107307766203,0.818492390061638,0.799693581142791,0.818950897925713,1,0.081,1,0.082,1,0.08,1,0.081,1,0.078
0.758620431676206,0.758497666490051,0.786034657725628,0.758997616303377,0.786699853733795,1,0.107,1,0.106,1,0.102,1,0.106,1,0.102
0.774700872837147,0.774268762991139,0.800311262532172,0.77548315267261,0.801365648272835,1,0.103,1,0.104,1,0.101,1,0.102,1,0.099
0.799065714295904,0.799207052862163,0.816912428315852,0.799803799555378,0.817670727140594,1,0.087,1,0.086,1,0.082,1,0.087,1,0.081
0.731689138375591,0.731722167492001,0.755805654067025,0.733382299312648,0.75716655062463,0,0.112,0,0.113,1,0.11,0,0.111,1,0.107
0.812274142508886,0.812401878557196,0.831128267657351,0.812846499427386,0.831864834162515,1,0.081,1,0.082,1,0.08,1,0.081,1,0.079
0.746804260038676,0.74717378195367,0.777904778369087,0.747605178453089,0.778077045374382,0,0.11,0,0.11,1,0.105,0,0.109,1,0.104
0.787624058699028,0.787821626835276,0.807605962687044,0.788199505966622,0.807802156917299,1,0.097,1,0.097,1,0.094,1,0.099,1,0.094
0.730429104477612,0.730311943976557,0.751679270964966,0.733740355674303,0.755344599146339,0,0.124,0,0.127,1,0.122,0,0.126,1,0.12
0.818902681044846,0.819147146349612,0.838864094559896,0.819226204895681,0.838949930197124,1,0.08,1,0.08,1,0.075,1,0.079,1,0.075
0.785615879690964,0.785399069494776,0.809296379131053,0.786014217146564,0.809929461990804,1,0.089,1,0.088,1,0.087,1,0.09,1,0.085
0.775097984908706,0.774994630889282,0.791255139156743,0.775450508272666,0.79160026615002,1,0.096,1,0.096,1,0.097,1,0.097,1,0.095
0.804751488571785,0.804718722761467,0.818056167557932,0.804861708890959,0.818439327432162,1,0.086,1,0.086,1,0.084,1,0.084,1,0.082
0.807864399389977,0.807896516450442,0.8269965233672,0.808339561418507,0.827337382727862,1,0.082,1,0.082,1,0.079,1,0.082,1,0.077
0.797538333779519,0.797856062778195,0.819178776641627,0.798485960484492,0.81990361027653,1,0.091,1,0.092,1,0.088,1,0.092,1,0.087
0.786143850273309,0.786455835147401,0.805154554536919,0.786817692873373,0.805491050983563,1,0.087,1,0.087,1,0.08,1,0.084,1,0.078
0.768322313839363,0.7689129560633,0.787076141232784,0.77063192616295,0.788447838750074,1,0.106,1,0.107,1,0.11,1,0.109,1,0.108
0.763669355843037,0.764022075252616,0.78591630990461,0.764385735322465,0.786386983618791,1,0.106,1,0.106,1,0.101,1,0.104,1,0.101
0.80721993724559,0.807398198480646,0.824572489260859,0.807962271267414,0.824924191865639,1,0.083,1,0.082,1,0.08,1,0.081,1,0.08
0.781269117253779,0.781398704205499,0.804612562254837,0.781640340615041,0.804724906421438,1,0.089,1,0.09,1,0.087,1,0.088,1,0.087
0.738059708004992,0.738296251308317,0.75751173246847,0.739514934995507,0.758688406490474,0,0.126,0,0.126,1,0.12,0,0.124,1,0.123
0.745656292244998,0.743875193400106,0.761572022997266,0.748321228073603,0.765733345788131,0,0.112,0,0.113,1,0.111,0,0.109,1,0.109
0.774842936022317,0.774730246678008,0.796293779023994,0.775162402711454,0.796565198509409,1,0.096,1,0.097,1,0.091,1,0.097,1,0.091
0.783499638526167,0.783388148018604,0.81068374752192,0.785612749024438,0.812215255138356,1,0.102,1,0.103,1,0.096,1,0.099,1,0.094
0.754102427682301,0.753902137608993,0.77020653256016,0.755189375800028,0.771811344835016,1,0.119,1,0.118,1,0.114,1,0.117,1,0.109
0.777748644512202,0.777928889438464,0.804852919727563,0.778376377641898,0.805432323626171,1,0.097,1,0.098,1,0.097,1,0.099,1,0.093
0.809993306197971,0.810609551952119,0.827726720648147,0.811336121766562,0.82906169462707,1,0.078,1,0.078,1,0.073,1,0.078,1,0.073
0.782634013941151,0.782711413433164,0.805796346479634,0.783041666875059,0.806179111517583,1,0.098,1,0.099,1,0.093,1,0.101,1,0.092
0.762641543254135,0.762988193696734,0.778290512398993,0.763299880909452,0.778903506899689,1,0.096,1,0.097,1,0.096,1,0.097,1,0.098
0.781175224230823,0.781023151038892,0.806242667624443,0.782121230981417,0.807216253205275,1,0.095,1,0.095,1,0.092,1,0.093,1,0.09
0.804508196721311,0.804714332503826,0.821841729808649,0.804841515608979,0.822013476323229,1,0.085,1,0.085,1,0.081,1,0.086,1,0.08
0.784686776338668,0.784873618447184,0.803312755260874,0.785772689002125,0.804184069225612,1,0.089,1,0.09,1,0.086,1,0.09,1,0.086
0.807544679010017,0.807867656001083,0.82836807338807,0.808173298022566,0.828529862888166,1,0.078,1,0.079,1,0.077,1,0.081,1,0.077
0.736996375788997,0.736353523188225,0.765671802206812,0.739140325105727,0.768810318240785,0,0.119,0,0.119,1,0.113,0,0.118,1,0.11
0.802565525024547,0.802045256641287,0.821665337546534,0.80520386622922,0.82430154888935,1,0.083,1,0.084,1,0.079,1,0.08,1,0.077
0.790646312017643,0.790659268497948,0.816995140998579,0.791374678813622,0.818050615896371,1,0.095,1,0.096,1,0.089,1,0.094,1,0.088
0.802071062131864,0.802454707663127,0.822727788485402,0.803275540244028,0.823413425172266,1,0.087,1,0.086,1,0.083,1,0.086,1,0.085
0.806845225536942,0.807711898252182,0.831441804675546,0.807956087718522,0.831662054385194,1,0.09,1,0.089,1,0.086,1,0.09,1,0.085
0.789881895266493,0.790292771165394,0.813127535838736,0.79213353065501,0.814723697204786,1,0.084,1,0.083,1,0.079,1,0.083,1,0.078
0.740097795444529,0.740359209593537,0.761202195731891,0.742279975222798,0.763855986978506,0,0.126,0,0.126,1,0.124,0,0.125,1,0.122
0.774580743470101,0.774953246742929,0.800403683632425,0.776080069301712,0.801096033500718,1,0.107,1,0.106,1,0.102,1,0.107,1,0.102
0.802480452179247,0.802510428279748,0.827551116367197,0.804286835235154,0.829051664310621,1,0.087,1,0.087,1,0.083,1,0.084,1,0.081
0.805272871204029,0.805130585325034,0.825016380954355,0.806167842430607,0.826090087334143,1,0.088,1,0.088,1,0.085,1,0.088,1,0.084
0.776905378598564,0.777181358858671,0.798009462400584,0.777664443408327,0.798351473868563,1,0.106,1,0.106,1,0.103,1,0.106,1,0.101
0.77412446863734,0.774462998625885,0.794255588591832,0.776487065847575,0.796680235470349,1,0.1,1,0.1,1,0.096,1,0.101,1,0.094
0.745132797125568,0.744952090221983,0.758486966568823,0.745956132623353,0.759522610691183,0,0.107,0,0.107,1,0.108,0,0.112,1,0.107
0.796196587632859,0.796028852136982,0.819248570154985,0.796915358317677,0.819964500175492,1,0.094,1,0.094,1,0.088,1,0.094,1,0.091
0.772728288843789,0.772874642107061,0.792340138020787,0.774632885448918,0.794138417946554,1,0.099,1,0.099,1,0.095,1,0.098,1,0.094
0.759691854950507,0.759733064761579,0.782433177653343,0.761190889189838,0.783906737886983,1,0.111,1,0.11,1,0.103,1,0.11,1,0.103
0.744190725839161,0.744057008416649,0.76692860042713,0.744989497507441,0.767694001580609,0,0.104,0,0.106,1,0.098,0,0.105,1,0.1
0.791975175083983,0.792090248000818,0.81453691065541,0.792849726760422,0.815565353369763,1,0.084,1,0.084,1,0.084,1,0.083,1,0.081
0.730728640211545,0.730276193719689,0.749366224294707,0.732245293367795,0.751369777707613,0,0.114,0,0.116,0,0.112,0,0.113,0,0.11
0.799972558251449,0.800167833934583,0.822233673506976,0.802282259013774,0.823895506673789,1,0.092,1,0.09,1,0.085,1,0.087,1,0.082
0.772810587017448,0.773124850425318,0.793703806026273,0.775933176720035,0.796524559010767,1,0.103,1,0.102,1,0.102,1,0.099,1,0.099
0.817909980313786,0.817916193773865,0.841060157216607,0.818126386218615,0.841337835624132,1,0.078,1,0.077,0,0.068,1,0.077,0,0.067
0.803413111564815,0.803538339464201,0.824804522911156,0.804262963220694,0.825144215488015,1,0.093,1,0.092,1,0.09,1,0.092,1,0.089
0.816006379426139,0.816114550589211,0.833833400693076,0.816999481038042,0.834739737431244,1,0.085,1,0.086,1,0.082,1,0.084,1,0.082
0.734585850672211,0.735040379346334,0.756401948796938,0.735695114744941,0.757237108173085,0,0.115,0,0.116,1,0.11,0,0.113,1,0.108
0.780819924579549,0.78067972407264,0.795086524328803,0.781233195703958,0.795497843229498,1,0.097,1,0.097,1,0.098,1,0.097,1,0.096
0.789887054376805,0.790823395402962,0.809219522357808,0.791151968985514,0.809436732908211,1,0.087,1,0.086,1,0.081,1,0.087,1,0.083
0.77865619136494,0.779063943099579,0.800764545089145,0.780887111775123,0.802400995354273,1,0.093,1,0.095,1,0.091,1,0.094,1,0.09
0.787282405337986,0.787491958129542,0.810422740323602,0.787661490897309,0.81064254075447,1,0.095,1,0.096,1,0.093,1,0.094,1,0.093
0.772536865773761,0.772979525520754,0.793455323515156,0.775366391101735,0.795860313212598,1,0.096,1,0.096,1,0.091,1,0.093,1,0.088
0.707230232799646,0.70664751395519,0.730577630733325,0.70840107980548,0.732800450141462,0,0.129,0,0.131,0,0.124,0,0.128,0,0.122
0.793552767367335,0.793502001033102,0.814229795982954,0.79368809479368,0.814764634311677,1,0.089,1,0.089,1,0.081,1,0.09,1,0.082
0.73587233208305,0.735521139318447,0.763974616344766,0.736841703690274,0.765449275223572,0,0.115,0,0.115,1,0.112,0,0.118,1,0.111
0.795150260525505,0.795427421183525,0.814241230356846,0.795998920979827,0.814589650463338,1,0.084,1,0.083,1,0.081,1,0.086,1,0.083
0.751001562185043,0.750908492535797,0.769860714247167,0.751288086653887,0.770240049818531,1,0.108,0,0.108,1,0.106,0,0.108,1,0.103
0.768156437770774,0.768743948916681,0.796638938110904,0.769598221403244,0.79732663665036,1,0.112,1,0.111,1,0.103,1,0.11,1,0.103
0.770773411991089,0.770842032668501,0.793782234942009,0.771297702081744,0.794379956170048,1,0.092,1,0.093,1,0.091,1,0.093,1,0.091
0.774081127797047,0.773876404205915,0.799371414508324,0.774553927819612,0.80001805664055,1,0.094,1,0.095,1,0.09,1,0.093,1,0.089
0.723058346524056,0.722863856206537,0.745811198224907,0.724011972356041,0.747030668523144,0,0.129,0,0.129,1,0.123,0,0.126,1,0.121
0.834181265027725,0.834191256080321,0.855073914907938,0.834301156190682,0.855114697678726,1,0.067,1,0.066,0,0.062,1,0.067,0,0.061
0.744517072439134,0.744757463061909,0.770717647711503,0.745458462330237,0.771334540550813,0,0.106,0,0.106,1,0.104,0,0.106,1,0.105
0.762703323576272,0.763165800706599,0.784356204108345,0.763493666437654,0.784702450084691,1,0.111,1,0.112,1,0.114,1,0.112,1,0.112
0.788819714194565,0.788363381988338,0.807264553539193,0.789360155331183,0.808624975256093,1,0.092,1,0.093,1,0.088,1,0.092,1,0.087
0.801286741499805,0.801432142792295,0.823869016999421,0.80206411946496,0.824331947019143,1,0.094,1,0.094,1,0.085,1,0.093,1,0.086
0.748399833675105,0.74827231137238,0.777855651104729,0.749193881337334,0.778849674508546,1,0.115,1,0.115,1,0.11,1,0.114,1,0.108
0.787295266886252,0.787091416728443,0.809143445898759,0.787991939813795,0.809956596752634,1,0.092,1,0.092,1,0.086,1,0.091,1,0.084
0.782810782392582,0.781785861237444,0.800992453075762,0.785233840368589,0.804595879298727,1,0.093,1,0.093,1,0.088,1,0.092,1,0.086
0.72292609872639,0.722584863972353,0.752302950155338,0.724446142567531,0.753877070437472,0,0.122,0,0.122,1,0.115,0,0.12,1,0.115
0.759632200667147,0.759424685769379,0.788892221546833,0.760410267954097,0.789921142976593,1,0.104,1,0.103,1,0.097,1,0.105,1,0.1
0.779631818663083,0.779933500272165,0.807892737182428,0.780160454278843,0.808169935567038,1,0.107,1,0.107,1,0.096,1,0.106,1,0.098
0.77212335012361,0.772583317653077,0.801719551542663,0.77370469526383,0.802565062848982,1,0.1,1,0.1,1,0.098,1,0.101,1,0.097
0.749855251247108,0.750192560919284,0.767636603628014,0.750583209341219,0.767870459473735,0,0.103,0,0.104,1,0.101,0,0.101,1,0.1
0.786682610447509,0.788149341480325,0.810835176753726,0.788677694878344,0.811236349850122,1,0.093,1,0.092,1,0.087,1,0.091,1,0.084
0.764550479516263,0.764683385600389,0.785472027130049,0.765476582094326,0.785902859910439,1,0.107,1,0.107,1,0.105,1,0.106,1,0.103
0.816583395607799,0.816716813916313,0.831398568563924,0.817176350063635,0.831940509577803,1,0.089,1,0.088,1,0.085,1,0.087,1,0.084
0.765501749555096,0.76573921894932,0.788710933394856,0.768418373736562,0.790762013266763,1,0.107,1,0.106,1,0.103,1,0.105,1,0.099
0.803127407877442,0.802834181149527,0.818033346140047,0.803490736955243,0.818904459486394,1,0.087,1,0.088,1,0.082,1,0.085,1,0.085
0.781208373104019,0.781109940839969,0.793961860639344,0.783044552095205,0.79557812274578,1,0.089,1,0.09,1,0.084,1,0.087,1,0.083
0.793770047124489,0.794299660708813,0.813997053779243,0.795415232877661,0.815031524114649,1,0.096,1,0.097,1,0.094,1,0.095,1,0.093
0.783260567558946,0.78364861751824,0.797320272204438,0.784639148803102,0.798673986078343,1,0.09,1,0.089,1,0.087,1,0.089,1,0.087
0.790126761098723,0.789993133022284,0.808781667688712,0.790541731345046,0.808965838356116,1,0.09,1,0.09,1,0.086,1,0.09,1,0.086
0.789207345039092,0.789061101913486,0.813708634286869,0.789750025961637,0.814327038200574,1,0.088,1,0.088,1,0.084,1,0.087,1,0.083
0.83051166873513,0.830501729454811,0.846343392933942,0.830667875313928,0.846428564990194,1,0.074,1,0.074,0,0.07,1,0.073,0,0.071
0.778129544360128,0.778006722802923,0.791624146198319,0.778610077557202,0.792414978607506,1,0.099,1,0.1,1,0.099,1,0.099,1,0.098
0.740508699158889,0.739469521664179,0.765043829443236,0.742439031475137,0.768071996858876,0,0.118,0,0.12,1,0.111,0,0.116,1,0.112
0.77587071299405,0.775702489148929,0.799845382183857,0.77618562093509,0.800114986316852,1,0.103,1,0.104,1,0.101,1,0.106,1,0.1
0.781345554033209,0.780603786784448,0.795557334517345,0.782479332242108,0.797613966902893,1,0.104,1,0.104,1,0.103,1,0.104,1,0.101
0.798241714867497,0.798732046457866,0.819489510558521,0.799140550722003,0.820049512170675,1,0.085,1,0.085,1,0.083,1,0.084,1,0.081
0.792224163904791,0.79269105994481,0.809948449901039,0.793810381851314,0.81091513492143,1,0.094,1,0.094,1,0.092,1,0.093,1,0.09
0.738428495902723,0.738474284873684,0.764388415456963,0.739159062885094,0.765114016793988,0,0.12,0,0.121,1,0.116,0,0.12,1,0.112
0.758276682945984,0.758926040693091,0.784649756019957,0.760438412635221,0.78585124249663,1,0.115,1,0.115,1,0.108,1,0.114,1,0.11
0.742154310167045,0.74133099238623,0.774502514328198,0.745867169190909,0.7792347579972,0,0.114,0,0.113,1,0.104,0,0.112,1,0.099
0.807038624818767,0.807569276953931,0.835089189267155,0.808772338863363,0.835971124543174,1,0.089,1,0.089,1,0.083,1,0.086,1,0.084
0.800116882600681,0.800037006221482,0.818303819574504,0.800785678244866,0.819092138236617,1,0.093,1,0.094,1,0.09,1,0.091,1,0.088
0.786359147604169,0.785955564405733,0.808761614118873,0.786987631196289,0.809598379659237,1,0.096,1,0.097,1,0.095,1,0.1,1,0.094
0.776478917957532,0.776975231166189,0.797632964933245,0.777870027999182,0.798673538504195,1,0.107,1,0.107,1,0.102,1,0.106,1,0.103
0.801370519085124,0.801886193663617,0.829523186389296,0.802700301738444,0.83038620525585,1,0.092,1,0.092,1,0.083,1,0.089,1,0.082
0.711655150075578,0.714326293507164,0.744549267805284,0.715954536799376,0.745932407413897,0,0.125,0,0.123,1,0.119,0,0.125,1,0.119
0.770513854142911,0.77095642141474,0.78576584419104,0.771569277209248,0.786532619506168,1,0.097,1,0.097,1,0.096,1,0.097,1,0.094
0.760213770051105,0.760020601707105,0.780060514982274,0.764195953023028,0.7843089221161,1,0.103,1,0.105,1,0.105,1,0.101,1,0.103
0.805092309261526,0.805083534215085,0.818623383694455,0.805524336767904,0.819178194881754,1,0.081,1,0.082,1,0.078,1,0.08,1,0.078
0.748669072177473,0.748168866204349,0.770048688113735,0.750522152301328,0.772247230105749,1,0.114,1,0.115,1,0.114,1,0.115,1,0.11
0.788311029373882,0.789219951950252,0.810444293679607,0.789558344090651,0.81088180117292,1,0.105,1,0.105,1,0.104,1,0.103,1,0.104
0.779833576002807,0.780262990069326,0.800831699771841,0.780648148408405,0.80148314768324,1,0.098,1,0.098,1,0.092,1,0.096,1,0.093
0.782455890442075,0.782181121748638,0.802785820199293,0.784297779266164,0.804965029695294,1,0.098,1,0.097,1,0.095,1,0.095,1,0.094
0.772234342014343,0.772719939619731,0.799721958396676,0.7733766219261,0.800389850838569,1,0.106,1,0.104,1,0.098,1,0.103,1,0.098
0.737126909679219,0.737362338572374,0.751883555425344,0.738609573165528,0.753202355239948,0,0.102,0,0.102,0,0.098,0,0.098,0,0.098
0.749749554084101,0.749581877927651,0.773984695693527,0.750940276942565,0.775062264964356,0,0.108,0,0.109,1,0.102,0,0.106,1,0.099
0.759002229255032,0.758992218056309,0.781738856417646,0.759530120189298,0.78237992225597,1,0.105,1,0.106,1,0.102,1,0.107,1,0.102
0.769120457961535,0.769414963047417,0.788353783312425,0.770102891124806,0.789100059443069,1,0.1,1,0.101,1,0.098,1,0.102,1,0.098
0.75271095127866,0.752520691023976,0.777724021516016,0.75686669527158,0.781222071916037,1,0.108,0,0.108,1,0.102,1,0.104,1,0.1
0.777181084717746,0.777680334193376,0.792606417245948,0.779493870531777,0.794536853532747,1,0.09,1,0.089,1,0.085,1,0.087,1,0.083
0.770990782457329,0.771221211106634,0.790464128380709,0.771567090634877,0.790860062249479,1,0.098,1,0.097,1,0.091,1,0.096,1,0.091
0.83181665716701,0.831909604147738,0.848754893894862,0.832477062822087,0.849174658402857,1,0.068,1,0.068,0,0.067,1,0.068,0,0.065
0.755853302913698,0.757177067232013,0.785638983547156,0.757971426883521,0.786487172606692,1,0.117,1,0.117,1,0.108,1,0.115,1,0.11
0.771104103314938,0.77046466308699,0.78948552387633,0.772959627208145,0.791741582536444,1,0.101,1,0.101,1,0.095,1,0.1,1,0.093
0.766816585724708,0.766652046817488,0.791832767405723,0.768784002362937,0.793727313511853,1,0.108,1,0.108,1,0.103,1,0.106,1,0.103
0.768995899322571,0.769200601820854,0.791456863568828,0.769785420668356,0.791909203132726,1,0.102,1,0.102,1,0.096,1,0.104,1,0.098
0.836515252621735,0.836709748176133,0.853991574904228,0.837562358351957,0.854652095696728,1,0.073,1,0.073,0,0.069,1,0.072,0,0.068
0.814878842697533,0.814884669336982,0.836068241552413,0.816073596189288,0.836821976624916,1,0.077,1,0.076,1,0.072,1,0.075,1,0.071
0.763005418199116,0.763271284316965,0.786150501662372,0.765164620772037,0.787766931882417,1,0.103,1,0.104,1,0.1,1,0.102,1,0.099
0.799218594766255,0.799234876975148,0.819890594120664,0.800132173345114,0.820623392806278,1,0.087,1,0.087,1,0.084,1,0.085,1,0.083
0.79476838817526,0.795034560810465,0.823173737927914,0.795495896794238,0.823841510547965,1,0.095,1,0.096,1,0.088,1,0.094,1,0.088
0.695006548508245,0.69445453577408,0.714328715576825,0.695603360664765,0.715145108041211,0,0.133,0,0.134,0,0.133,0,0.131,0,0.131
0.768242499800879,0.768407980369674,0.794549415607709,0.768666207513507,0.794883065863763,1,0.105,1,0.105,1,0.1,1,0.103,1,0.097
0.797769595774206,0.798048578266528,0.823134089195626,0.79862492071587,0.823597481424483,1,0.079,1,0.079,1,0.074,1,0.079,1,0.074
0.787617988488395,0.787959427074072,0.812291523665515,0.788057505541834,0.812413482461675,1,0.091,1,0.091,1,0.089,1,0.089,1,0.087
0.738565936790723,0.73950385614347,0.772516164373733,0.741092240211544,0.77370492228693,0,0.119,0,0.118,1,0.114,0,0.118,1,0.114
0.812769100965909,0.812786629427037,0.829783066991849,0.813293592473681,0.830313375530424,1,0.075,1,0.075,1,0.071,1,0.076,1,0.07
0.785245524276591,0.784376986076242,0.801937058813373,0.785781909293877,0.803344807539117,1,0.098,1,0.099,1,0.093,1,0.097,1,0.093
0.770918221524758,0.770802773841473,0.790949356771096,0.771550389098141,0.791648106623771,1,0.098,1,0.098,1,0.094,1,0.101,1,0.097
0.786001929659857,0.785813445895179,0.803077922342404,0.787077754855491,0.805056155549683,1,0.095,1,0.095,1,0.089,1,0.094,1,0.088
0.768714011966607,0.769209701182968,0.79020354691014,0.771015684843476,0.792130348108975,1,0.097,1,0.097,1,0.096,1,0.094,1,0.094
0.762909936970652,0.762460457493454,0.779041494005422,0.76483472811379,0.781322456157333,1,0.101,1,0.102,1,0.099,1,0.103,1,0.098
0.797947684474129,0.797874945740098,0.820419612503916,0.798754031909072,0.821156775741494,1,0.086,1,0.085,1,0.079,1,0.083,1,0.078
0.765253878175444,0.766018279616851,0.78500782960818,0.766918710180625,0.786027023938632,1,0.114,1,0.113,1,0.107,1,0.113,1,0.11
0.811125039213409,0.810772409947421,0.826052269098438,0.811802375117755,0.826872400428185,1,0.078,1,0.079,1,0.077,1,0.079,1,0.078
0.768296364727982,0.768226798056607,0.792522115559854,0.769145716583516,0.793509902536847,1,0.099,1,0.099,1,0.093,1,0.099,1,0.093
0.786833115014003,0.786337528118958,0.800897818763082,0.787566375817323,0.80219995125967,1,0.092,1,0.093,1,0.091,1,0.092,1,0.088
0.785988615241636,0.786240209560678,0.803321993644939,0.786532999212211,0.803610014783893,1,0.099,1,0.099,1,0.095,1,0.097,1,0.094
0.769614923590933,0.769279856170224,0.791447987973498,0.771300371867078,0.793232609148176,1,0.106,1,0.107,1,0.102,1,0.103,1,0.1
0.806266841708226,0.806507855145893,0.823126516229963,0.807248835461404,0.82365510691543,1,0.085,1,0.085,1,0.082,1,0.083,1,0.079
0.779581973849944,0.779716326679042,0.795494492756837,0.780972168641441,0.796869896275834,1,0.083,1,0.083,1,0.081,1,0.082,1,0.08
0.791962288977908,0.791937761471534,0.806719000372125,0.792907427163418,0.807699831300003,1,0.086,1,0.086,1,0.079,1,0.087,1,0.077
0.768102416712047,0.76822479235169,0.793263048290185,0.769328774391366,0.794231239250683,1,0.103,1,0.102,1,0.096,1,0.102,1,0.096
0.786953676014219,0.787286377050861,0.805586750935122,0.787685239172483,0.806203851480077,1,0.085,1,0.085,1,0.081,1,0.086,1,0.081
0.797037556368958,0.797884465121343,0.819661457601279,0.79869521647514,0.820107314479285,1,0.089,1,0.089,1,0.086,1,0.088,1,0.084
0.78224837200158,0.782211826416723,0.805024008644007,0.783620939598441,0.806052316380504,1,0.091,1,0.091,1,0.087,1,0.09,1,0.088
0.776237933204471,0.776326634037438,0.804173274521427,0.776855250333856,0.804889813806603,1,0.107,1,0.107,1,0.099,1,0.107,1,0.1
0.793350813890081,0.793807867295699,0.815744232968233,0.794440219329039,0.816342330652883,1,0.09,1,0.089,1,0.085,1,0.09,1,0.084
0.780618301921656,0.78103641113236,0.800555227638882,0.783583772332186,0.80322934632523,1,0.104,1,0.103,1,0.098,1,0.1,1,0.095
0.791791351799017,0.79162810877787,0.810354619412798,0.792385798503326,0.810869690911437,1,0.091,1,0.091,1,0.089,1,0.093,1,0.088
0.788789742133488,0.788959303222067,0.813288813588825,0.790766449252751,0.815001467157248,1,0.095,1,0.095,1,0.092,1,0.094,1,0.092
0.763680669041623,0.763339785251494,0.789849479985551,0.764799636306866,0.791719899116162,1,0.113,1,0.113,1,0.104,1,0.11,1,0.103
0.750261905592182,0.750422033110389,0.775780279068112,0.753138512892242,0.777654262876958,0,0.111,1,0.112,1,0.104,1,0.108,1,0.103
0.744878945120926,0.745527894950797,0.762427435761112,0.745883784269451,0.762712289787476,0,0.113,0,0.113,1,0.11,0,0.114,1,0.111
0.780422601924699,0.78099110225956,0.796499598273156,0.78217443735961,0.797512093191485,1,0.092,1,0.092,1,0.089,1,0.091,1,0.088
0.775153094169268,0.774872215406232,0.79644383439594,0.776423360447431,0.798248756088366,1,0.1,1,0.1,1,0.096,1,0.102,1,0.095
0.798714813954522,0.798173556009702,0.816503855672868,0.799562172192597,0.817845926979618,1,0.091,1,0.092,1,0.088,1,0.091,1,0.087
0.755961135804633,0.755733005002611,0.783994407633538,0.757134957272356,0.785269977256442,1,0.106,1,0.106,1,0.096,1,0.106,1,0.096
0.783907155301876,0.784268375100791,0.803975551654819,0.786614377295418,0.806614947318184,1,0.101,1,0.1,1,0.095,1,0.098,1,0.095
0.760731535327982,0.761006641981783,0.782567115937211,0.761187827997194,0.782776027989383,1,0.098,1,0.097,1,0.092,1,0.097,1,0.092
0.775780787903278,0.775948800486155,0.801905606031807,0.776746767897052,0.802791129350277,1,0.102,1,0.101,1,0.096,1,0.099,1,0.096
0.771352080783729,0.771285297302385,0.793757456842534,0.772195645093151,0.794557786910689,1,0.099,1,0.099,1,0.096,1,0.097,1,0.096
0.760089698672823,0.760737264348001,0.786493412605346,0.762775142231982,0.788116422375419,1,0.11,1,0.109,1,0.108,1,0.108,1,0.108
0.782165157533324,0.781872866327321,0.799736383891809,0.783209926220723,0.800900794476775,1,0.093,1,0.092,1,0.089,1,0.09,1,0.089
0.787451973889909,0.787728515988205,0.811597479003121,0.787983908059521,0.81189594867215,1,0.087,1,0.088,1,0.082,1,0.089,1,0.083
0.765260133061205,0.765805300022057,0.789935309755935,0.767104825714535,0.791131300189878,1,0.096,1,0.095,1,0.093,1,0.098,1,0.095
0.787091906602685,0.786981685545204,0.809143684277932,0.788048448854836,0.810011240728439,1,0.095,1,0.095,1,0.09,1,0.096,1,0.09
0.787439427012021,0.78759733868372,0.808817141413526,0.787982218118883,0.809488099763208,1,0.097,1,0.097,1,0.089,1,0.096,1,0.089
0.770693633416541,0.771792142925062,0.784873446036499,0.773021685632349,0.785994851386841,1,0.099,1,0.099,1,0.095,1,0.097,1,0.093
0.760610843856484,0.761141033374879,0.790015201581977,0.763617602944797,0.792166950492948,1,0.112,1,0.111,1,0.101,1,0.108,1,0.1
0.753801018176013,0.753588085370745,0.779708023141969,0.754436312261172,0.780825866213191,1,0.112,1,0.113,1,0.11,1,0.111,1,0.108
0.819582772246451,0.819710021706297,0.838692319779165,0.819769412452459,0.838727277916566,1,0.074,1,0.073,0,0.071,1,0.073,0,0.071
0.755969378614234,0.755391157967347,0.776877442439574,0.756583720254662,0.778500337887747,1,0.11,1,0.111,1,0.11,1,0.108,1,0.107
0.763975383198759,0.764080278991946,0.78443076282034,0.764276394519739,0.78465295238475,1,0.102,1,0.102,1,0.095,1,0.102,1,0.095
0.803645634161887,0.803679733574189,0.818862347617331,0.805092729300491,0.82008773002499,1,0.089,1,0.088,1,0.086,1,0.087,1,0.084
0.758041226847242,0.758358893533915,0.786554558047107,0.760177186379329,0.788025190032029,1,0.111,1,0.11,1,0.105,1,0.11,1,0.103
0.75388681981612,0.754268017589377,0.77598817505771,0.754912688103512,0.776575655573276,1,0.104,1,0.105,1,0.101,1,0.104,1,0.102
0.751638663613726,0.75154429903416,0.773223358094838,0.751826772429602,0.773655063514793,0,0.105,0,0.105,1,0.105,0,0.107,1,0.106
0.785571385549761,0.785225497925355,0.810350923504848,0.786025917477001,0.811049934745803,1,0.093,1,0.094,1,0.089,1,0.096,1,0.089
0.765428232770562,0.765850769556686,0.794188357118538,0.766118633121579,0.794682028355927,1,0.103,1,0.103,1,0.095,1,0.101,1,0.096
0.757536346529989,0.757522955616518,0.783003165409934,0.759445129821879,0.785171136043026,1,0.117,1,0.116,1,0.112,1,0.114,1,0.11
0.789845172617093,0.789461043853189,0.80941544995721,0.790234861351344,0.809985971710048,1,0.088,1,0.089,1,0.086,1,0.087,1,0.084
0.777873370849982,0.777580565764436,0.801274326039394,0.778193352961014,0.801920942240445,1,0.099,1,0.098,1,0.095,1,0.096,1,0.093
0.766476134313585,0.766256323185235,0.785705070227131,0.769116750569117,0.788856305306485,1,0.096,1,0.095,1,0.094,1,0.095,1,0.09
0.826957804705909,0.827094207714843,0.845561749867527,0.827404065801129,0.846018294122857,1,0.073,1,0.073,0,0.067,1,0.073,0,0.068
0.806167270286874,0.80640905613834,0.831985641355367,0.807109868328037,0.832558522134976,1,0.089,1,0.088,1,0.087,1,0.09,1,0.086
0.712276302653883,0.711744496063818,0.729998776318447,0.712788741540947,0.731117685096669,0,0.133,0,0.133,0,0.125,0,0.135,0,0.124
0.758217775830403,0.758123117511771,0.777375974976125,0.758604924273215,0.77796283955272,1,0.11,1,0.11,1,0.107,1,0.11,1,0.107
0.739889743854575,0.740016003999298,0.763662898328068,0.740863472105661,0.764509184009102,0,0.11,0,0.111,1,0.102,0,0.109,1,0.1
0.758269903728167,0.758654809902007,0.783471879685661,0.759071857989688,0.783726876481943,1,0.109,1,0.11,1,0.104,1,0.11,1,0.106
0.792528932236523,0.793285909176971,0.81320677917715,0.794460690923188,0.814426166620024,1,0.097,1,0.095,1,0.095,1,0.096,1,0.095
0.763049252023378,0.764079885903283,0.786183177696089,0.765106264449154,0.787380485519468,1,0.097,1,0.097,1,0.089,1,0.096,1,0.09
0.789150049682919,0.789227866104279,0.812966367081997,0.789374632193952,0.813169412768405,1,0.086,1,0.087,1,0.085,1,0.089,1,0.086
0.816137932021696,0.816271767366929,0.835281184211604,0.817032607653079,0.836197075234898,1,0.082,1,0.082,1,0.081,1,0.084,1,0.08
0.785393812821578,0.785136172708632,0.814873728509736,0.787970205183648,0.817270392002233,1,0.106,1,0.108,1,0.1,1,0.105,1,0.096
0.786029256354636,0.785899417253856,0.808368150565314,0.78713907610192,0.809326595082702,1,0.088,1,0.088,1,0.087,1,0.088,1,0.085
0.776397553370744,0.775618354020206,0.793175387644196,0.777738048833243,0.795044861902962,1,0.088,1,0.088,1,0.085,1,0.086,1,0.082
0.801330123677614,0.801862679919841,0.822062406179265,0.802167282076316,0.822373545406518,1,0.082,1,0.082,1,0.079,1,0.084,1,0.082
0.734889254087494,0.735880106676231,0.753982308747438,0.737763055061156,0.755726796924906,0,0.119,0,0.119,1,0.115,0,0.116,1,0.111
0.780098227459031,0.780174253673661,0.807505264980203,0.780588757314761,0.807939597316297,1,0.091,1,0.091,1,0.086,1,0.088,1,0.085
0.800394232783289,0.800276278362239,0.819292805218156,0.801236144609852,0.820263657139886,1,0.085,1,0.084,1,0.081,1,0.084,1,0.081
0.741195799158315,0.741258300936891,0.76436068530759,0.742181701748372,0.764899538099391,0,0.119,0,0.12,1,0.112,0,0.12,1,0.115
0.765747553173958,0.766082971532806,0.786619121218787,0.766751714679948,0.787252216683152,1,0.1,1,0.099,1,0.1,1,0.1,1,0.1
0.812828861273673,0.812914276596558,0.833443834306245,0.814126725076946,0.834125285631842,1,0.08,1,0.081,1,0.076,1,0.08,1,0.075
0.770592681676293,0.770586162924723,0.785587367249214,0.772379748478019,0.787494656728387,1,0.1,1,0.101,1,0.097,1,0.1,1,0.098
0.773853534955491,0.772952035982296,0.792324064571951,0.775591117812152,0.794248842817288,1,0.096,1,0.096,1,0.093,1,0.093,1,0.092
0.772653400802334,0.772458781812757,0.794805880830105,0.773956602933168,0.796247639662248,1,0.099,1,0.099,1,0.089,1,0.097,1,0.088
0.786782271622369,0.786863435597429,0.803839018049253,0.787442437623325,0.80450905395839,1,0.097,1,0.097,1,0.095,1,0.096,1,0.093
0.789987969374574,0.789764392494081,0.802745722000304,0.790438010089045,0.803508681897129,1,0.092,1,0.092,1,0.092,1,0.092,1,0.092
0.814536015519957,0.813498921242374,0.829181074622174,0.816731442314382,0.832500453888325,1,0.078,1,0.079,1,0.075,1,0.076,1,0.073
0.784207581337148,0.784313736027569,0.804749302467841,0.784465292423317,0.805010834918269,1,0.093,1,0.093,1,0.089,1,0.093,1,0.088
0.768007763966098,0.768387097645481,0.789912819338208,0.76890059931735,0.790590815100581,1,0.095,1,0.095,1,0.089,1,0.094,1,0.091
0.788682037561087,0.789126087636224,0.806528293549731,0.789652459531682,0.806947945519235,1,0.095,1,0.095,1,0.093,1,0.095,1,0.092
0.754913705828472,0.754250244357698,0.779959966238151,0.756774231486728,0.781885419446443,1,0.119,1,0.118,1,0.117,1,0.115,1,0.115
0.782350834894907,0.782585816388868,0.801428837767836,0.783129864771802,0.802005361674458,1,0.093,1,0.092,1,0.087,1,0.094,1,0.085
0.756169256528075,0.756160254394368,0.781326985268663,0.757025404427001,0.78189098271702,1,0.107,1,0.107,1,0.1,1,0.106,1,0.098
0.742616921870882,0.742777113891995,0.761149287898183,0.743646047993027,0.761966259823538,0,0.107,0,0.107,1,0.104,0,0.106,1,0.103
0.809765075530549,0.809716824128831,0.837540322019683,0.809816074239248,0.837721841147906,1,0.083,1,0.083,1,0.076,1,0.082,1,0.075
0.712996533319409,0.712898933362565,0.730448467866346,0.714063018836855,0.731159653946736,0,0.122,0,0.122,0,0.12,0,0.121,0,0.121
0.823121348341876,0.822974956873749,0.844265424181009,0.824131168977954,0.845039395527412,1,0.079,1,0.08,0,0.073,1,0.079,0,0.073
0.787996056996371,0.788257696219509,0.809183604420988,0.788676034454322,0.809545886282313,1,0.096,1,0.096,1,0.09,1,0.096,1,0.09
0.792802617476881,0.792846729122358,0.811864782450843,0.793371139858213,0.812509504600985,1,0.09,1,0.09,1,0.084,1,0.09,1,0.086
0.787173996092325,0.788195693412802,0.811933901847997,0.788431442872295,0.812033239622224,1,0.089,1,0.089,1,0.081,1,0.087,1,0.082
0.802984824881021,0.802066055124276,0.822169471062812,0.803977319935373,0.824538065445183,1,0.088,1,0.088,1,0.084,1,0.086,1,0.084
0.789794353499752,0.789884288214959,0.809431525188049,0.790918123244376,0.810286064997488,1,0.096,1,0.095,1,0.089,1,0.094,1,0.09
0.77223004885364,0.772468417381167,0.79270197469889,0.77300662481634,0.793352342140744,1,0.103,1,0.102,1,0.099,1,0.1,1,0.099
0.757816042614086,0.757496384529155,0.78762174449874,0.758830783436972,0.788729972750875,1,0.106,1,0.107,1,0.103,1,0.106,1,0.103
0.82150878151103,0.822070162101562,0.836898004882214,0.823363775483798,0.83797242596594,1,0.073,1,0.073,1,0.068,1,0.072,1,0.067
0.782139481301394,0.782249027550255,0.807531734159357,0.782406053535301,0.807692216756402,1,0.099,1,0.099,1,0.095,1,0.099,1,0.095
0.777597477520793,0.776955124642633,0.800189055081099,0.778135094772172,0.80108213115604,1,0.095,1,0.095,1,0.092,1,0.094,1,0.09
0.793481748688086,0.793749675585242,0.815154746914903,0.794135612415715,0.815501856309258,1,0.089,1,0.088,1,0.086,1,0.087,1,0.086
0.733388011197556,0.732320094546922,0.75016481858447,0.73539757309088,0.752590146186742,0,0.107,0,0.11,0,0.106,0,0.107,0,0.104
0.782310616989613,0.782759421590921,0.804890538425544,0.784277235967501,0.806360563425297,1,0.092,1,0.093,1,0.084,1,0.092,1,0.081
0.757131360572039,0.757232232452666,0.773542078298291,0.757748089832594,0.773841597435376,1,0.108,1,0.108,1,0.103,1,0.105,1,0.101
0.754784267316252,0.755889899373282,0.774709784277335,0.757450772524454,0.776192486729229,1,0.114,1,0.112,1,0.11,1,0.111,1,0.11
0.765552206223377,0.765471575939326,0.778977106952724,0.766148259454249,0.779875175962231,1,0.098,1,0.099,1,0.094,1,0.098,1,0.093
0.76719259846714,0.767592340747378,0.78643924806047,0.767976335080002,0.787092367453544,1,0.104,1,0.104,1,0.098,1,0.104,1,0.097
0.74479615719445,0.744689291823601,0.767397208078149,0.746115683966696,0.768416441014049,0,0.114,0,0.115,1,0.115,0,0.114,1,0.114
0.791337780778341,0.791846776640242,0.81165126317834,0.792825638759046,0.812526248377047,1,0.082,1,0.083,1,0.079,1,0.083,1,0.078
0.771894969415015,0.771612131939643,0.799976077516502,0.773267552762484,0.801993373724428,1,0.099,1,0.099,1,0.092,1,0.099,1,0.091
0.772776510605436,0.773970603310964,0.79094705098879,0.774990663191842,0.791956324473752,1,0.097,1,0.097,1,0.091,1,0.096,1,0.095
0.820520440043557,0.820822093573701,0.842432781023262,0.821109780195643,0.842918358500712,1,0.074,1,0.074,0,0.07,1,0.073,0,0.069
0.770672693933036,0.771075899029726,0.789821099126207,0.774668365602776,0.79351940022184,1,0.101,1,0.1,1,0.1,1,0.097,1,0.096
0.799815917571727,0.800113905478375,0.818212814550027,0.801473594412013,0.819320872408914,1,0.095,1,0.095,1,0.094,1,0.095,1,0.093
0.777609200252197,0.777571033327254,0.793946181098993,0.778171319330562,0.794325311651486,1,0.092,1,0.092,1,0.094,1,0.091,1,0.092
0.721331439173117,0.721416506972376,0.746975063897356,0.721888235035423,0.747121098645829,0,0.125,0,0.125,1,0.123,0,0.127,1,0.124
0.755515156232614,0.755456926644596,0.777684363312958,0.755717656878821,0.778012406809941,1,0.11,1,0.11,1,0.102,1,0.111,1,0.105
0.769491273932819,0.768693425745249,0.788549651581998,0.770673345261679,0.791108067909704,1,0.096,1,0.099,1,0.096,1,0.097,1,0.095
0.801538510791649,0.801239573749043,0.821452393948182,0.803388800572952,0.823542368773426,1,0.094,1,0.094,1,0.089,1,0.089,1,0.086
0.815612480404111,0.815276895216436,0.832697622696678,0.816194464960077,0.833133985434348,1,0.078,1,0.079,1,0.076,1,0.082,1,0.077
0.80430545983036,0.8039371177712,0.821409913098019,0.805041859232112,0.822410112986778,1,0.086,1,0.086,1,0.081,1,0.084,1,0.081
0.755038164293503,0.754575292900101,0.780998813192527,0.756601909885349,0.782681793447875,1,0.104,1,0.105,1,0.098,1,0.1,1,0.094
0.767239974792152,0.767945707474297,0.797372559478879,0.770277917698561,0.79950815904057,1,0.105,1,0.103,1,0.095,1,0.101,1,0.093
0.765799953633096,0.76582428308294,0.786299963134508,0.766421335600202,0.786875958137115,1,0.097,1,0.098,1,0.095,1,0.097,1,0.097
0.75559723270636,0.75634556689524,0.778962628788066,0.757717245062418,0.780167254448252,1,0.109,1,0.108,1,0.104,1,0.108,1,0.103
0.743667999286665,0.743790176331033,0.776476087778182,0.744377346606362,0.777005873731593,0,0.115,0,0.115,1,0.107,0,0.115,1,0.107
0.789987133430375,0.790262786375254,0.814201017824333,0.790379880131072,0.814278652814985,1,0.089,1,0.089,1,0.082,1,0.088,1,0.081
0.786587313286163,0.787173780834553,0.802266798723147,0.788814357136341,0.803839587456558,1,0.091,1,0.092,1,0.088,1,0.091,1,0.089
0.799573318629384,0.799963677068319,0.818925201498737,0.801049934113401,0.820262199703471,1,0.094,1,0.097,1,0.085,1,0.097,1,0.088
0.799753899270062,0.79997547254343,0.820369385502113,0.800969798348896,0.821256071427892,1,0.082,1,0.082,1,0.076,1,0.084,1,0.076
0.785863385520544,0.786577698936703,0.807273479282603,0.787869303997108,0.808396531554972,1,0.094,1,0.096,1,0.089,1,0.096,1,0.09
0.771649227771854,0.771624355646727,0.79563730486853,0.774137687079103,0.797522411447546,1,0.102,1,0.103,1,0.1,1,0.099,1,0.097
0.774325148411345,0.774000794251786,0.793781199144273,0.775744596877195,0.795395572077124,1,0.098,1,0.099,1,0.093,1,0.099,1,0.092
0.773835022055553,0.774358800109697,0.794446596996784,0.774871895864134,0.794615065676151,1,0.099,1,0.099,1,0.099,1,0.098,1,0.098
0.759555818190772,0.759239303110557,0.791369634865881,0.760785667113408,0.792741957521159,1,0.109,1,0.111,1,0.1,1,0.108,1,0.098
0.793190108759419,0.793359230703893,0.812095310064297,0.793481670823834,0.812206163144316,1,0.089,1,0.088,1,0.083,1,0.087,1,0.082
0.748913583929992,0.748115003983606,0.775544156193103,0.749736720364225,0.777093238950699,1,0.116,1,0.116,1,0.112,0,0.112,1,0.109
0.746829848020045,0.746994987106258,0.77107295550549,0.749284811859221,0.773415232726394,0,0.109,0,0.11,1,0.1,0,0.109,1,0.097
0.749150203142309,0.749247061649872,0.765777702637095,0.750135446840149,0.766773373354867,1,0.116,1,0.116,1,0.115,1,0.118,1,0.112
0.78116066460277,0.781610090136024,0.803447890262612,0.782283347366189,0.803959766856719,1,0.092,1,0.093,1,0.09,1,0.095,1,0.09
0.749340855410813,0.749651826851878,0.769965206298434,0.751505687054878,0.771606775929874,0,0.1,0,0.099,1,0.102,0,0.098,1,0.099
0.73594175794817,0.736135314994537,0.75878944664327,0.738971103584241,0.760975951257037,0,0.125,0,0.123,1,0.118,0,0.121,1,0.113
0.768110362133438,0.768626689275794,0.787467496691952,0.769920558252553,0.789145957563684,1,0.096,1,0.095,1,0.094,1,0.094,1,0.094
0.800262592590746,0.800221846830093,0.818803536207394,0.800938035421845,0.819739621268854,1,0.083,1,0.083,1,0.083,1,0.082,1,0.082
0.783878091091989,0.784911974660842,0.805776417530061,0.786523373791818,0.806948912317921,1,0.093,1,0.092,1,0.087,1,0.093,1,0.084
0.824824315431759,0.825031942385335,0.840063937881124,0.825172443434045,0.840310665492556,1,0.073,1,0.074,1,0.073,1,0.075,1,0.073
0.810920380418013,0.81092843442891,0.83274297695429,0.811491132689674,0.833220018476317,1,0.08,1,0.08,1,0.076,1,0.08,1,0.076
0.747615321890931,0.748067508243553,0.770756065041145,0.748941385340774,0.772017814606224,0,0.119,0,0.119,1,0.114,0,0.118,1,0.112
0.750995998141994,0.750295953653502,0.772167704033751,0.752764378995549,0.774425336115738,1,0.112,1,0.112,1,0.109,1,0.111,1,0.107
0.782366675975716,0.782163161800973,0.801534103390107,0.782506082630563,0.801935057401733,1,0.099,1,0.098,1,0.096,1,0.096,1,0.097
0.792710522969202,0.79289684259382,0.815722487562083,0.793709164622146,0.816464683510862,1,0.1,1,0.1,1,0.095,1,0.1,1,0.095
0.806762786775345,0.806921222671739,0.831580667119874,0.807564361749476,0.832365106611998,1,0.085,1,0.086,1,0.08,1,0.085,1,0.078
0.790544674821403,0.790344192059986,0.809029712124483,0.791424575026354,0.810295375506208,1,0.086,1,0.086,1,0.086,1,0.086,1,0.084
0.803001643552522,0.802996655728275,0.823589640533269,0.803883337893942,0.824487551637524,1,0.087,1,0.086,1,0.081,1,0.086,1,0.081
0.742953830295139,0.743427654185185,0.767323739418421,0.744416967749362,0.768089996719239,0,0.108,0,0.108,1,0.1,0,0.105,1,0.1
0.754332526070266,0.75461481473478,0.776779542316229,0.754798480951293,0.777042949449387,1,0.11,1,0.11,1,0.104,1,0.109,1,0.106
0.787248284987393,0.78686958990112,0.811901008382341,0.787553452980019,0.812848702041669,1,0.097,1,0.098,1,0.092,1,0.096,1,0.09
0.801758040598163,0.802245855933472,0.823174395202973,0.802982803690145,0.82372928187374,1,0.091,1,0.091,1,0.086,1,0.089,1,0.084
0.802488940107654,0.802726416743846,0.822943113410932,0.804395404915848,0.82474741848518,1,0.084,1,0.084,1,0.081,1,0.081,1,0.079
0.745577575669507,0.746242030721591,0.760216661003606,0.746998814727588,0.761249686997137,0,0.114,0,0.114,1,0.112,0,0.113,1,0.113
0.759804201244813,0.75925495331943,0.7841706583315,0.760602840247608,0.785354065991097,1,0.111,1,0.113,1,0.113,1,0.114,1,0.112
0.789201494875374,0.788823571429263,0.811179481795842,0.790862631853478,0.812753896118287,1,0.089,1,0.09,1,0.084,1,0.088,1,0.082
0.78692145256789,0.786201474987172,0.800775598617382,0.788686984726752,0.803354341460138,1,0.101,1,0.102,1,0.099,1,0.097,1,0.095
0.805785571765426,0.806224989929669,0.829186413366798,0.806729509233338,0.829682530145939,1,0.08,1,0.08,1,0.077,1,0.079,1,0.076
0.791296390317209,0.791105910663229,0.808352167173096,0.791740291539365,0.809303974754003,1,0.088,1,0.089,1,0.083,1,0.089,1,0.084
0.761762002647847,0.762111106377291,0.7810885125173,0.765038024609082,0.783634610457822,1,0.11,1,0.109,1,0.105,1,0.103,1,0.101
0.770904785004467,0.771089185730261,0.791318389710062,0.771801828162223,0.792037668521364,1,0.095,1,0.096,1,0.088,1,0.096,1,0.09
0.819626941387005,0.819578786103495,0.847771352928282,0.819838552294053,0.848055486772919,1,0.084,1,0.084,0,0.076,1,0.083,0,0.074
0.799998937475516,0.800094327525722,0.814949533338994,0.800885887493889,0.815655873379331,1,0.08,1,0.08,1,0.075,1,0.078,1,0.075
0.766759023803427,0.766795265850793,0.787735748462527,0.767591119100945,0.788548218168733,1,0.101,1,0.103,1,0.099,1,0.101,1,0.098
0.815848003951156,0.816304758106505,0.837816439180081,0.816392126337569,0.837942850370029,1,0.074,1,0.073,0,0.068,1,0.073,0,0.067
0.779098697994612,0.779273800041996,0.807430389857645,0.779611905082984,0.807847967846046,1,0.097,1,0.097,1,0.09,1,0.097,1,0.088
0.785136016611785,0.784767002591568,0.806469374855408,0.785706849217402,0.807906202058583,1,0.103,1,0.103,1,0.1,1,0.103,1,0.099
0.802719244623511,0.803388243709461,0.822965557152752,0.803873850002479,0.823578657364682,1,0.092,1,0.092,1,0.086,1,0.091,1,0.086
0.801391418793706,0.801704076454776,0.822220284157028,0.802577745285049,0.823027242603239,1,0.084,1,0.084,1,0.081,1,0.084,1,0.08
0.809331230353989,0.810396476194398,0.829794298676711,0.810713720256509,0.830089108256603,1,0.076,1,0.075,1,0.074,1,0.075,1,0.073
0.756889755918341,0.756772875394388,0.777148895607358,0.759224227435441,0.779049358065565,1,0.105,1,0.105,1,0.103,1,0.104,1,0.098
0.801650621461726,0.801927604381994,0.816523229121903,0.803089209440979,0.817469863576789,1,0.087,1,0.086,1,0.085,1,0.086,1,0.083
0.753243771565013,0.753268190132575,0.773615573741876,0.753480077807353,0.773974403771181,1,0.106,1,0.106,1,0.102,1,0.105,1,0.101
0.752214374882777,0.752905761531721,0.783221267128429,0.753291689390457,0.783377245601872,1,0.119,1,0.12,1,0.111,1,0.119,1,0.111
0.760564081094807,0.760983329530759,0.784942700559612,0.761566864402019,0.78531212186331,1,0.116,1,0.116,1,0.115,1,0.115,1,0.116
0.772878796271331,0.772861525337873,0.78956385528749,0.773522038870105,0.790267950700453,1,0.093,1,0.095,1,0.092,1,0.096,1,0.093
0.750765924001091,0.750253068952429,0.762369912736019,0.751431839551708,0.763245609461572,0,0.114,0,0.113,1,0.112,0,0.111,1,0.108
0.786620134211205,0.787029963870032,0.812687872695082,0.787576391685094,0.813059543515142,1,0.103,1,0.103,1,0.094,1,0.101,1,0.094
0.813671746821928,0.813620806533652,0.829369872639579,0.813818034263979,0.829546079557287,1,0.085,1,0.085,1,0.088,1,0.086,1,0.09
0.784343571423332,0.784622498378827,0.800806394120981,0.784907293752866,0.800948351715316,1,0.096,1,0.095,1,0.092,1,0.095,1,0.092
0.765202726987067,0.765573299964159,0.78543950027728,0.765640861396803,0.785734629569624,1,0.099,1,0.1,1,0.097,1,0.101,1,0.098
0.779362305924293,0.77949596767844,0.809161192063751,0.779663566565435,0.80929497052706,1,0.105,1,0.106,1,0.096,1,0.104,1,0.097
0.796611799341296,0.796710476439599,0.81643252902725,0.796983584147531,0.816770636818556,1,0.085,1,0.085,1,0.082,1,0.084,1,0.083
0.820931845359869,0.820714158782622,0.837959747659723,0.821202334930333,0.838396645667884,1,0.078,1,0.079,1,0.074,1,0.078,1,0.075
0.80345726577384,0.803604753411092,0.819874490732975,0.80500700216786,0.821510378998256,1,0.082,1,0.081,1,0.076,1,0.079,1,0.074
0.779836776051832,0.779864023411221,0.801661490070685,0.780502006934435,0.802136466179654,1,0.094,1,0.094,1,0.087,1,0.092,1,0.088
0.771689027080049,0.772009392396226,0.791789129304628,0.773514392689313,0.792603644270821,1,0.095,1,0.095,1,0.088,1,0.094,1,0.088
0.759333718467167,0.759475177251026,0.78007104910229,0.765163661501572,0.785773219182457,1,0.109,1,0.109,1,0.104,1,0.104,1,0.097
0.820145903125998,0.819951451139874,0.843276769265803,0.820814825470829,0.844161273732416,1,0.076,1,0.076,0,0.071,1,0.076,0,0.07
0.78334881850062,0.783067145017776,0.803786498464131,0.78586078053209,0.8059930778998,1,0.097,1,0.098,1,0.093,1,0.094,1,0.091
0.807887631718945,0.80805816251132,0.831151305363787,0.808614198339799,0.831809218342237,1,0.085,1,0.086,1,0.08,1,0.084,1,0.081
0.768950173585644,0.769069177566059,0.794870056689833,0.771388787731404,0.797000566161089,1,0.112,1,0.112,1,0.109,1,0.107,1,0.103
0.753166842568291,0.75297540165866,0.778427699427719,0.75391897679533,0.779055848070447,1,0.111,1,0.11,1,0.106,1,0.109,1,0.105
0.777629257613805,0.777207621904242,0.797030632166832,0.77850535906714,0.798069857566204,1,0.098,1,0.098,1,0.094,1,0.096,1,0.094
0.778732001250438,0.779044794696767,0.79543091132646,0.78006618164329,0.796582608087383,1,0.101,1,0.1,1,0.099,1,0.099,1,0.097
0.806660394124719,0.806656740902396,0.82486799471964,0.806740730141148,0.824936140017904,1,0.086,1,0.087,1,0.082,1,0.085,1,0.082
0.735492192871119,0.735393202625498,0.754637557476038,0.737972137140243,0.756831027054744,0,0.11,0,0.11,1,0.107,0,0.109,1,0.104
0.733066390078436,0.732759292609839,0.761504029704555,0.734173193505529,0.762755030720838,0,0.128,0,0.128,1,0.126,0,0.128,1,0.123
0.738068546299486,0.737968444975666,0.76000674379958,0.738710884422282,0.76050094040251,0,0.105,0,0.105,1,0.106,0,0.106,1,0.104
0.78994908582942,0.790824708020115,0.811690165967175,0.791221901989822,0.811940538833279,1,0.095,1,0.095,1,0.091,1,0.093,1,0.091
0.759735559178516,0.759904513399977,0.779242970659704,0.760408147370029,0.779575350284358,1,0.092,1,0.092,1,0.089,1,0.092,1,0.089
0.770545388671793,0.770310225819237,0.786562728343658,0.771763435604923,0.787889046955256,1,0.088,1,0.089,1,0.087,1,0.087,1,0.085
0.790210850566483,0.790443601525491,0.809941309400942,0.791424899890204,0.810780679654064,1,0.094,1,0.094,1,0.092,1,0.091,1,0.09
0.734498292101617,0.734515183913499,0.758796548792055,0.736120261925249,0.760017129984478,0,0.12,0,0.12,1,0.119,0,0.119,1,0.118
0.776889394386251,0.776578311895019,0.803161955792012,0.777169510287064,0.80357184265195,1,0.094,1,0.094,1,0.092,1,0.094,1,0.09
0.78208454695447,0.782830981527439,0.805576471855207,0.784572547922899,0.806856714266091,1,0.093,1,0.094,1,0.088,1,0.093,1,0.086
0.807070340355477,0.807090712078371,0.828502684047823,0.807965543742578,0.829415359273087,1,0.085,1,0.085,1,0.084,1,0.087,1,0.082
0.711648225138764,0.711268510318206,0.736746144324876,0.712350677982769,0.738202242478509,0,0.13,0,0.128,0,0.123,0,0.13,0,0.126
0.758002895438673,0.758441354476986,0.783634353940555,0.76011923907342,0.785223997214234,1,0.111,1,0.112,1,0.105,1,0.109,1,0.102
0.784276102058256,0.784647701567816,0.81243387040971,0.784747549652292,0.812543501786744,1,0.094,1,0.094,1,0.085,1,0.094,1,0.087
0.77513804692685,0.775054475887705,0.79950162875992,0.775352789992855,0.799707949239221,1,0.111,1,0.111,1,0.113,1,0.114,1,0.111
0.76731928412041,0.766940200055939,0.785561850167679,0.767996455331415,0.786518192097325,1,0.1,1,0.102,1,0.098,1,0.1,1,0.099
0.794956899131437,0.794410167651427,0.810661666706517,0.796558663907022,0.812683487737572,1,0.082,1,0.084,1,0.079,1,0.082,1,0.078
0.758487514844769,0.75820550450154,0.780402465457332,0.759378581925376,0.781989124402839,1,0.099,1,0.1,1,0.096,1,0.097,1,0.094
0.755508328731108,0.75529066172689,0.782707866650443,0.755903179374287,0.783112775740303,1,0.109,1,0.111,1,0.105,1,0.111,1,0.105
0.754039266582688,0.75416687343129,0.78247209729854,0.754685649584353,0.782781751298816,1,0.106,1,0.107,1,0.099,1,0.109,1,0.101
0.749793508047397,0.749306720982141,0.775286696718065,0.750071369137769,0.776211381049735,0,0.107,0,0.107,1,0.102,0,0.107,1,0.1
0.814998015401186,0.814889345033555,0.830970175574777,0.815527263289638,0.831547783349566,1,0.078,1,0.078,1,0.073,1,0.078,1,0.074
0.749350570861183,0.749038408216384,0.765630376068754,0.749543177756823,0.766192635724313,0,0.1,0,0.101,1,0.096,0,0.1,1,0.096
0.796081830012308,0.795627484751915,0.812672046152067,0.797731277194244,0.815146723253224,1,0.088,1,0.089,1,0.083,1,0.087,1,0.082
0.762843422623057,0.762633664790441,0.79110836795092,0.763879304444077,0.79206640411251,1,0.106,1,0.107,1,0.101,1,0.106,1,0.101
0.79741088097021,0.798364756796869,0.813619574394799,0.799776747566537,0.814732538501837,1,0.081,1,0.081,1,0.079,1,0.081,1,0.078
0.780920577807815,0.780794330882346,0.803236091257222,0.782949136513574,0.804671423383265,1,0.101,1,0.103,1,0.093,1,0.101,1,0.092
0.765826248474131,0.765848693972968,0.788409578783119,0.766152907496497,0.788894995558317,1,0.104,1,0.104,1,0.105,1,0.105,1,0.104
0.783320522638885,0.783168271257889,0.802387772325904,0.784090038540103,0.803528178820516,1,0.093,1,0.094,1,0.094,1,0.094,1,0.092
0.778632774251142,0.777848794115274,0.804845392521074,0.781223239229245,0.808076693263239,1,0.096,1,0.096,1,0.09,1,0.092,1,0.085
0.799330468119897,0.79910103458459,0.819113974081684,0.799853170615557,0.820165690039433,1,0.084,1,0.084,1,0.08,1,0.082,1,0.08
0.793693088824778,0.793763923693965,0.814441960708238,0.794322762077452,0.815115135897858,1,0.081,1,0.081,1,0.078,1,0.08,1,0.076
0.805730392391306,0.805767908869566,0.829588452330577,0.806188855495968,0.829890688550857,1,0.085,1,0.086,1,0.081,1,0.085,1,0.08
0.742897111032017,0.742838926514751,0.760255052350014,0.743991356481978,0.761478969091099,0,0.114,0,0.116,1,0.112,0,0.116,1,0.112
0.832771401008033,0.832811604373533,0.848583096353485,0.833208203386508,0.849051639986905,1,0.066,1,0.066,0,0.064,1,0.067,0,0.064
0.785164616199038,0.785146271494217,0.803290908567181,0.785737699770504,0.803956794365854,1,0.092,1,0.092,1,0.091,1,0.091,1,0.091
0.75478799273387,0.754920966964647,0.785113293407735,0.75833808412803,0.787953420999,1,0.107,1,0.105,1,0.097,1,0.106,1,0.095
0.789542700538652,0.788761707492797,0.815906696325829,0.791011412559215,0.817684691905122,1,0.088,1,0.09,1,0.086,1,0.088,1,0.085
0.800495304485257,0.800643198124904,0.820228541842901,0.801173758874749,0.820772548593836,1,0.087,1,0.087,1,0.082,1,0.087,1,0.08
0.798381560531,0.798752725454703,0.821410497192503,0.799088250972241,0.82202672497697,1,0.091,1,0.091,1,0.084,1,0.091,1,0.084
0.782054489498997,0.782165107549769,0.805467853521701,0.783768265066559,0.80716333570435,1,0.093,1,0.093,1,0.089,1,0.094,1,0.09
0.795247732256082,0.795222931227582,0.811694112604609,0.795539760787165,0.812083956325946,1,0.093,1,0.093,1,0.093,1,0.093,1,0.091
0.741300974573257,0.742556746737486,0.771014872892376,0.743935123593432,0.772334156770308,0,0.121,0,0.12,1,0.116,0,0.12,1,0.118
0.744975855211587,0.745658399776759,0.776152922883979,0.747172254569871,0.77806734559547,0,0.119,0,0.119,1,0.113,0,0.117,1,0.113
0.772825771013758,0.772619441731631,0.799854077005351,0.775272139581854,0.802473492850015,1,0.105,1,0.106,1,0.104,1,0.103,1,0.1
0.798668381545831,0.798989586931469,0.818746810957574,0.799817851909422,0.81971543458362,1,0.084,1,0.084,1,0.081,1,0.085,1,0.08
0.793769161049861,0.793480060768885,0.81657039682456,0.794176731915652,0.817115208291294,1,0.097,1,0.098,1,0.095,1,0.097,1,0.094
0.820187974452772,0.820657817831165,0.839285130518474,0.821057702056533,0.839772572667008,1,0.081,1,0.081,1,0.077,1,0.082,1,0.076
0.803769086556463,0.803895793736466,0.81830024152902,0.80448497354643,0.818788585759674,1,0.089,1,0.089,1,0.086,1,0.09,1,0.085
0.796564900763425,0.796762063270143,0.817008334374486,0.797856979144314,0.817750882092207,1,0.091,1,0.091,1,0.083,1,0.089,1,0.083
0.743468627093694,0.743438987047475,0.767184222778459,0.744780049226365,0.768339582985285,0,0.112,0,0.112,1,0.105,0,0.109,1,0.103
0.803552988428908,0.803847203539764,0.819834344368383,0.803921519200268,0.819894923173347,1,0.078,1,0.079,1,0.075,1,0.079,1,0.077
0.786833937354328,0.787235434854816,0.806566138130043,0.787894830724802,0.807154883273089,1,0.089,1,0.088,1,0.085,1,0.088,1,0.085
0.784922697547355,0.78556733703279,0.80738878788014,0.786407435002729,0.808070319770218,1,0.093,1,0.091,1,0.087,1,0.091,1,0.087
0.772093927927291,0.771950029433384,0.799384957692938,0.773542602807831,0.800331526974289,1,0.104,1,0.103,1,0.099,1,0.103,1,0.098
0.769904948627587,0.770061582138991,0.789601161054738,0.771032891798831,0.79076311573863,1,0.105,1,0.105,1,0.103,1,0.103,1,0.104
0.773818657154026,0.774760272511382,0.794540308019073,0.777423446346644,0.79697935124818,1,0.099,1,0.098,1,0.094,1,0.095,1,0.092
0.806674183045093,0.80685065236887,0.830649481822039,0.80713450590617,0.831154375265755,1,0.082,1,0.083,1,0.081,1,0.083,1,0.079
0.779169234132121,0.778691070570033,0.800629354953015,0.780094053004359,0.802235752139184,1,0.096,1,0.095,1,0.09,1,0.095,1,0.089
0.788599915061511,0.788951451011576,0.809856125059233,0.789320143979674,0.810070265713709,1,0.096,1,0.099,1,0.093,1,0.098,1,0.092
0.80147245930726,0.80184243215037,0.81476671041886,0.802137595026204,0.815061460505357,1,0.085,1,0.084,1,0.081,1,0.084,1,0.08
0.742570446098239,0.742598445657498,0.765213248079643,0.743770485653022,0.766292568779162,0,0.113,0,0.114,1,0.114,0,0.11,1,0.112
0.777591288962761,0.77881661639387,0.803243877123652,0.780323049411317,0.80404860819516,1,0.098,1,0.097,1,0.094,1,0.096,1,0.092
0.751402416030584,0.751323205098345,0.774790618074775,0.753315366666405,0.77679490145485,1,0.114,1,0.115,1,0.112,1,0.113,1,0.109
0.810701339630783,0.810635898749716,0.830933602928914,0.810854279189972,0.831425482043704,1,0.082,1,0.082,1,0.075,1,0.082,1,0.076
0.799151133941164,0.798979500458675,0.822534870844958,0.800342409615772,0.823799429521034,1,0.092,1,0.092,1,0.083,1,0.09,1,0.083
0.777327518409253,0.776838114009336,0.800953127673194,0.77765921485585,0.802192665793369,1,0.099,1,0.1,1,0.095,1,0.098,1,0.093
0.766426695161783,0.767287047461374,0.791809033445935,0.76875870146934,0.792769189298402,1,0.105,1,0.105,1,0.105,1,0.104,1,0.104
0.739837253096177,0.739293252586622,0.766913084586503,0.741828606448034,0.768639299282885,0,0.123,0,0.125,1,0.119,0,0.123,1,0.118
0.802015146148209,0.802130876657407,0.819938207209394,0.802514837883484,0.820367310601877,1,0.085,1,0.085,1,0.082,1,0.085,1,0.081
0.749965121801475,0.750765744259072,0.771078786001228,0.751478542369376,0.771690588291318,0,0.106,0,0.106,1,0.101,0,0.106,1,0.102
0.777551910553842,0.7778027440612,0.801268437615479,0.778188530344918,0.801512655939015,1,0.096,1,0.096,1,0.09,1,0.097,1,0.092
0.791620054219141,0.791002250745408,0.814425312109472,0.795138247644393,0.818311151714364,1,0.107,1,0.109,1,0.102,1,0.104,1,0.1
0.830768115191381,0.83057589888241,0.842651681368749,0.831386880082804,0.843593503586518,1,0.069,1,0.069,0,0.067,1,0.068,0,0.068
0.792395849921103,0.79283391107673,0.812460035932672,0.794193362277397,0.813434913472691,1,0.093,1,0.092,1,0.087,1,0.089,1,0.087
0.794196751836144,0.79473075936488,0.813689207680288,0.795856693322127,0.814708225814882,1,0.085,1,0.085,1,0.083,1,0.085,1,0.082
0.752930415686789,0.752401057873855,0.773302747184647,0.753366199029543,0.774303641122005,1,0.118,1,0.119,1,0.116,1,0.117,1,0.118
0.796333705114584,0.796627447636739,0.824200229533051,0.797396532452115,0.824699251843068,1,0.088,1,0.089,1,0.081,1,0.086,1,0.079
0.820897708828614,0.820915651337946,0.837566232666872,0.821621632943589,0.838051476757937,1,0.071,1,0.071,0,0.066,1,0.072,1,0.066
0.782522081413211,0.782115990604428,0.805213501757812,0.783129253931616,0.806129729776653,1,0.094,1,0.096,1,0.091,1,0.096,1,0.088
0.800967243244793,0.801037964462773,0.821079983973408,0.801608453682527,0.821684670868866,1,0.088,1,0.089,1,0.083,1,0.088,1,0.084
0.765213770028951,0.765414458260559,0.787651815563121,0.769685284781245,0.792114771465069,1,0.102,1,0.1,1,0.095,1,0.098,1,0.093
0.723763406378439,0.724396507878041,0.746292246831534,0.725697743924352,0.748218877380165,0,0.123,0,0.123,0,0.118,0,0.119,0,0.115
0.774152273591382,0.77409664364627,0.793660804530348,0.775226627208603,0.794767530317379,1,0.102,1,0.102,1,0.099,1,0.1,1,0.098
0.820090223858194,0.820711436920833,0.837004794669835,0.821065523351821,0.83739521422852,1,0.079,1,0.078,1,0.073,1,0.078,1,0.073
0.768503075541433,0.770124462982573,0.794473007940534,0.771486724811739,0.79568384776048,1,0.101,1,0.101,1,0.099,1,0.098,1,0.098
0.789480925630114,0.788824482551413,0.809851152682513,0.790196038639432,0.810902596205998,1,0.096,1,0.096,1,0.097,1,0.096,1,0.096
0.782936634475219,0.783014689444211,0.809801272709017,0.78432973379587,0.811485114826243,1,0.093,1,0.092,1,0.088,1,0.095,1,0.086
0.736808230018465,0.736800630348165,0.761534532728502,0.739997637489271,0.763794430436541,0,0.113,0,0.114,1,0.112,0,0.112,1,0.11
0.755085100848129,0.756734366722021,0.779678671569105,0.758125477861827,0.781281720945286,1,0.113,1,0.112,1,0.109,1,0.111,1,0.108
0.849468903108068,0.849540648745495,0.863949925389864,0.851078488052985,0.865247811503166,0,0.064,0,0.064,0,0.063,0,0.064,0,0.061
0.791490027224273,0.79087129901122,0.812915616167284,0.79229900267934,0.814928891063886,1,0.093,1,0.094,1,0.089,1,0.092,1,0.087
0.800469665799791,0.800171982979649,0.821892967244361,0.801057806796269,0.82258369325026,1,0.083,1,0.084,1,0.08,1,0.084,1,0.078
0.736838135623955,0.736443876162178,0.762280753455488,0.737412742265895,0.763324780890481,0,0.122,0,0.121,1,0.123,0,0.121,1,0.122
0.791604505479292,0.791781824496638,0.809071188487364,0.792175094895744,0.809456875222958,1,0.09,1,0.089,1,0.082,1,0.089,1,0.085
0.769226693949443,0.769726639029227,0.791721581325563,0.770384772488832,0.792318251816939,1,0.092,1,0.092,1,0.089,1,0.091,1,0.089
0.742756044134821,0.743248084183452,0.764170794436388,0.744375117475121,0.765227965872299,0,0.129,1,0.13,1,0.124,1,0.129,1,0.124
0.794551355286263,0.794061268751122,0.813059744968228,0.795412400652448,0.814470825440184,1,0.093,1,0.094,1,0.092,1,0.094,1,0.09
0.771338493582192,0.771346648522798,0.793521110591113,0.772965194521908,0.794673995884244,1,0.101,1,0.102,1,0.094,1,0.1,1,0.091
0.762533905532451,0.76308927177353,0.783479290414983,0.764573583879932,0.785179208353745,1,0.106,1,0.106,1,0.097,1,0.104,1,0.096
0.771427903988787,0.772425783952277,0.791315203043458,0.774047681153257,0.792551020871871,1,0.091,1,0.09,1,0.084,1,0.088,1,0.084
0.75327421317851,0.753714498946929,0.778054635833618,0.754106621726316,0.778373665016752,1,0.108,1,0.108,1,0.103,1,0.108,1,0.105
0.800778026776993,0.800556335028961,0.8207908704157,0.801031676865884,0.821246293220824,1,0.09,1,0.09,1,0.085,1,0.091,1,0.085
0.794312390755312,0.794385398912602,0.816476843477243,0.794479632699603,0.816507078026279,1,0.082,1,0.082,1,0.076,1,0.081,1,0.076
0.737710022956167,0.738344577881226,0.754924905620889,0.739761844546046,0.756603959596073,0,0.113,0,0.112,1,0.11,0,0.113,1,0.107
0.76503018025882,0.764948310908555,0.784912111189916,0.76572654448472,0.785666707133033,1,0.105,1,0.105,1,0.103,1,0.105,1,0.103
0.815156361246509,0.815671447920088,0.831480345177449,0.81693710709056,0.832497673978348,1,0.076,1,0.076,1,0.073,1,0.073,1,0.071
0.742677069363601,0.743095362252125,0.758479590187056,0.744823155634199,0.760345659011175,0,0.114,0,0.113,1,0.109,0,0.109,1,0.106
0.761245819899078,0.761387002206027,0.783312949415351,0.762526947690161,0.784561240515492,1,0.103,1,0.103,1,0.101,1,0.103,1,0.1
0.792957584515181,0.793272092201677,0.809874046892126,0.794206160732286,0.810899368195586,1,0.092,1,0.092,1,0.089,1,0.09,1,0.086
0.794712288593534,0.795258804726634,0.8190269798161,0.796958442260972,0.820263984108121,1,0.086,1,0.085,1,0.082,1,0.083,1,0.079
0.790831897733934,0.790830594406139,0.805114564999649,0.791259242420495,0.805643597421617,1,0.093,1,0.094,1,0.09,1,0.094,1,0.09
0.746010878895238,0.746958253897734,0.76560477813604,0.748363828971379,0.766859307537071,0,0.103,0,0.103,1,0.098,0,0.102,1,0.096
0.707087779264317,0.707860837381819,0.7291967075622,0.712540187129062,0.733520300995659,0,0.125,0,0.125,0,0.121,0,0.121,0,0.116
0.789660525880208,0.789763104707587,0.80824141413306,0.78984405573613,0.808466900460808,1,0.092,1,0.091,1,0.087,1,0.091,1,0.086
0.752017060186686,0.751946714996727,0.773030853214807,0.753967285077043,0.7756751073561,0,0.103,0,0.104,1,0.1,0,0.101,1,0.096
0.796387476477823,0.796309465336571,0.816921941351716,0.796665608259831,0.817180178281274,1,0.088,1,0.088,1,0.083,1,0.089,1,0.084
0.735194772841889,0.735335166988291,0.762472739334849,0.73706375721829,0.764048652796371,0,0.115,0,0.114,1,0.114,0,0.115,1,0.114
0.811133159492479,0.810917505904434,0.834861952740815,0.812237489551836,0.836478701627836,1,0.084,1,0.083,1,0.077,1,0.081,1,0.076
0.754512912311423,0.754160089159719,0.773116278789226,0.755117780780595,0.774014867573541,1,0.111,1,0.112,1,0.11,1,0.111,1,0.108
0.783547978112905,0.783884123290303,0.808292440921762,0.784690012850672,0.808863466164883,1,0.095,1,0.095,1,0.09,1,0.094,1,0.089
0.768652399123412,0.768470722386668,0.793127670040805,0.768888362920168,0.793569660979334,1,0.101,1,0.101,1,0.096,1,0.1,1,0.1
0.779668509954142,0.780319582546004,0.798343599834388,0.782956681624676,0.801232325205555,1,0.099,1,0.098,1,0.099,1,0.096,1,0.094
0.79065197888496,0.790938942082709,0.815921888492559,0.79167167869907,0.816705132205227,1,0.096,1,0.096,1,0.09,1,0.094,1,0.088
0.825167006035744,0.8255921033943,0.841844888101194,0.826354095214568,0.842757430266364,1,0.074,1,0.074,0,0.072,1,0.073,0,0.071
0.793111513338107,0.793014955508103,0.812961742370163,0.794332637389232,0.814373871612631,1,0.088,1,0.09,1,0.085,1,0.089,1,0.086
0.788626581692176,0.788086428919113,0.807744563403658,0.789240026716697,0.808532911215662,1,0.095,1,0.094,1,0.093,1,0.093,1,0.092
0.821167254254609,0.820770752435485,0.844238537043615,0.821648210437318,0.845032379462909,1,0.081,1,0.082,0,0.077,1,0.084,0,0.077
0.800530691111909,0.800866799387634,0.819901910142845,0.802162593422274,0.821348293513907,1,0.088,1,0.087,1,0.088,1,0.086,1,0.085
0.807547284101757,0.807068260028819,0.818378058465305,0.808965616652837,0.820532600182504,1,0.081,1,0.081,1,0.081,1,0.079,1,0.079
0.816734172117233,0.816832757461101,0.834897463678524,0.817532294698383,0.835859095355206,1,0.08,1,0.08,1,0.075,1,0.08,1,0.073
0.78494319582377,0.784875290168503,0.802565821106534,0.786174487453431,0.80416175957163,1,0.092,1,0.092,1,0.089,1,0.092,1,0.088
0.774673449413357,0.774412728055918,0.798219250380536,0.777450438471941,0.801194164558166,1,0.097,1,0.097,1,0.093,1,0.095,1,0.09
0.7661290727547,0.766267233750178,0.785834270225008,0.766969295356708,0.78671782618806,1,0.099,1,0.099,1,0.098,1,0.099,1,0.098
0.814384396448415,0.813978333548249,0.831784321947126,0.815416487984941,0.832807024255942,1,0.077,1,0.078,1,0.076,1,0.076,1,0.076
0.710217322343156,0.710088202178236,0.736345336974231,0.710277930375714,0.736583229023702,0,0.136,0,0.138,0,0.13,0,0.138,0,0.13
0.794136338168245,0.793063243094571,0.813110350138164,0.794876695133982,0.815164834154201,1,0.087,1,0.088,1,0.085,1,0.087,1,0.083
0.759704699673285,0.759458066259074,0.779335122424923,0.760834608930585,0.781087705080991,1,0.108,1,0.108,1,0.103,1,0.107,1,0.102
0.77555917417854,0.775592081163264,0.793582691648202,0.775843068286258,0.793870999964515,1,0.094,1,0.094,1,0.092,1,0.093,1,0.09
0.752338208846278,0.752415531256286,0.775320265837628,0.753694228026285,0.776761115756084,0,0.103,0,0.102,1,0.096,0,0.102,1,0.096
0.752867123736287,0.752363920110529,0.781106225628279,0.754476630007911,0.782793295511604,1,0.111,1,0.112,1,0.11,1,0.111,1,0.106
0.786864153922564,0.786794202757289,0.806672505336085,0.787330959307116,0.807481650667852,1,0.088,1,0.087,1,0.087,1,0.089,1,0.086
0.768782203078083,0.768107362936104,0.792675429345385,0.769898506552899,0.794591750210778,1,0.104,1,0.104,1,0.1,1,0.104,1,0.1
0.787792645923216,0.787835678377735,0.806714873258433,0.788251428549364,0.807025680992267,1,0.088,1,0.089,1,0.087,1,0.087,1,0.087
0.765401968715557,0.766656030315245,0.792161362849973,0.767767296352872,0.792908196272195,1,0.099,1,0.098,1,0.095,1,0.096,1,0.095
0.75111694939841,0.752019328869637,0.775044270394109,0.753281405904055,0.77636255566949,1,0.114,1,0.114,1,0.109,1,0.114,1,0.109
0.768969510317216,0.768065867047381,0.78615062968789,0.770794508634068,0.788319733631315,1,0.105,1,0.105,1,0.104,1,0.103,1,0.099
0.761155381030228,0.761059638747285,0.783889409187188,0.761949048868751,0.784933620370589,1,0.096,1,0.096,1,0.093,1,0.098,1,0.093
0.816193287371506,0.81635365293412,0.844621314801608,0.816992701352848,0.845042650701792,1,0.082,1,0.082,0,0.075,1,0.083,0,0.075
0.789526440400054,0.789136405681783,0.803198610803619,0.789985335763098,0.804160607814022,1,0.084,1,0.085,1,0.084,1,0.083,1,0.083
0.799556698010547,0.799326161702594,0.826673763259497,0.800088648115282,0.8274741118946,1,0.085,1,0.086,1,0.084,1,0.09,1,0.083
0.753731887489106,0.753736848725644,0.774646051504778,0.754802746245281,0.775725524734705,1,0.103,1,0.102,1,0.1,1,0.101,1,0.101
0.787313911186576,0.787437597644851,0.817564448552446,0.788304693779241,0.818461011885896,1,0.091,1,0.092,1,0.085,1,0.093,1,0.085
0.790015573427549,0.790213109648725,0.807229486158706,0.790867376322152,0.807933925429033,1,0.094,1,0.093,1,0.089,1,0.099,1,0.091
0.803173014848289,0.802926627939171,0.825724820179228,0.803948275040551,0.826681398419722,1,0.09,1,0.091,1,0.087,1,0.09,1,0.085
0.78362570110715,0.783455983859195,0.805505830147784,0.783926038539446,0.806306386956141,1,0.091,1,0.09,1,0.086,1,0.09,1,0.085
0.786774291423375,0.786636206397066,0.814934217260549,0.787548933331358,0.815951516171694,1,0.093,1,0.093,1,0.088,1,0.091,1,0.086
0.793328271028037,0.793260473574421,0.808896667120366,0.794017363953147,0.809780026574863,1,0.083,1,0.083,1,0.082,1,0.083,1,0.082
0.772228175731732,0.772394109840495,0.788714578836317,0.772616793192969,0.78888829514684,1,0.099,1,0.1,1,0.099,1,0.102,1,0.099
0.787504222063856,0.787823819922389,0.808234949159135,0.788611511665995,0.808670943955825,1,0.092,1,0.092,1,0.089,1,0.091,1,0.088
0.762306525627069,0.762832377559934,0.782845390070026,0.763258129874477,0.783348176925615,1,0.104,1,0.105,1,0.101,1,0.105,1,0.1
0.775068364050994,0.774916166951269,0.794809363222386,0.77629325840412,0.795477432946648,1,0.1,1,0.1,1,0.096,1,0.098,1,0.094
0.772888577899206,0.77283121805083,0.801343595965645,0.774822760252248,0.802727501141799,1,0.104,1,0.103,1,0.097,1,0.101,1,0.098
0.824032580585068,0.823708460210081,0.844628173852391,0.825077850331829,0.846056133679013,1,0.081,1,0.081,0,0.074,1,0.08,0,0.071
0.796442590693586,0.796177924561325,0.810340158123325,0.798846409967462,0.813346090070367,1,0.092,1,0.093,1,0.09,1,0.09,1,0.086
0.770800867663538,0.771076364735156,0.795728946647973,0.774950169033928,0.799214170338074,1,0.107,1,0.107,1,0.1,1,0.103,1,0.095
0.828274647706442,0.828623910194202,0.844586647163513,0.828962257079794,0.844893818499854,1,0.072,1,0.072,0,0.071,1,0.071,0,0.071
0.770842596952207,0.771183883665134,0.789774208962751,0.772835496253991,0.79092803978541,1,0.101,1,0.101,1,0.098,1,0.099,1,0.098
0.7726379097459,0.772599582470299,0.79156882646151,0.774256645952897,0.793088593778281,1,0.097,1,0.096,1,0.094,1,0.095,1,0.092
0.762769926860104,0.762769108621701,0.786124891853588,0.764359383984496,0.787398919393426,1,0.11,1,0.109,1,0.102,1,0.107,1,0.1
0.746761290853067,0.746727728495042,0.765200650735442,0.748200125626974,0.767321511578723,0,0.109,0,0.109,1,0.108,0,0.105,1,0.105
0.788361638766583,0.788586827337933,0.8114210177332,0.789545874915802,0.812577703199988,1,0.091,1,0.092,1,0.085,1,0.091,1,0.082
0.785510907003444,0.785556198708863,0.807952068029099,0.786190201375643,0.808120600874025,1,0.093,1,0.093,1,0.084,1,0.093,1,0.084
0.801129991172084,0.801269751480211,0.822550184001408,0.802627378025726,0.823251085996955,1,0.088,1,0.088,1,0.085,1,0.085,1,0.082
0.717568706755972,0.717190213109719,0.747775106064293,0.718313064032108,0.749057193534982,0,0.131,0,0.133,1,0.128,0,0.13,1,0.126
0.767832347210062,0.76801171386896,0.784410220215319,0.768434050795076,0.784762754897967,1,0.098,1,0.098,1,0.092,1,0.096,1,0.093
0.754707613176051,0.7556062124345,0.774020071506367,0.758245563019401,0.777072720555434,0,0.105,1,0.104,1,0.101,1,0.105,1,0.097
0.778446041641722,0.778323233948935,0.795134621297773,0.779274362662548,0.795845986812719,1,0.1,1,0.101,1,0.099,1,0.098,1,0.098
0.795507705717063,0.796652115827454,0.818151510986779,0.797891479859044,0.819295265597974,1,0.088,1,0.088,1,0.084,1,0.087,1,0.083
0.807259759984109,0.807323015931201,0.829042334089431,0.807737704646116,0.829443017303694,1,0.083,1,0.083,1,0.078,1,0.082,1,0.076
0.750469050081253,0.751096853230074,0.779354290830925,0.753290826785271,0.781425000033237,1,0.107,1,0.105,1,0.099,1,0.102,1,0.098
0.752232632823221,0.751513997695782,0.771366939648819,0.753713524968565,0.773455485040808,0,0.104,0,0.105,1,0.103,0,0.101,1,0.1
0.78038990926496,0.780676622002546,0.807811920569693,0.781818576941226,0.808847636005444,1,0.106,1,0.106,1,0.102,1,0.105,1,0.1
0.777197032363449,0.77818833532455,0.80012208116698,0.779127056879832,0.800967130976072,1,0.095,1,0.095,1,0.092,1,0.096,1,0.091
0.764709320555032,0.764999079555541,0.787857527178318,0.765100102700175,0.788044529807203,1,0.101,1,0.101,1,0.097,1,0.097,1,0.096
0.777977140040961,0.778110997047938,0.801667559976384,0.78026177445479,0.804045771900477,1,0.095,1,0.095,1,0.094,1,0.095,1,0.094
0.799815257049252,0.799709992212589,0.823613716450112,0.799938508657905,0.82380762190404,1,0.085,1,0.085,1,0.083,1,0.083,1,0.083
0.778899233972173,0.778717608386207,0.794998346268774,0.780408365129793,0.796828781770014,1,0.093,1,0.092,1,0.09,1,0.091,1,0.088
0.785586757315992,0.785530962450398,0.806554137074333,0.785773925145141,0.806770380391091,1,0.101,1,0.1,1,0.098,1,0.099,1,0.097
0.742397989090534,0.742138963040106,0.769346232494658,0.745413140779041,0.772804941386266,0,0.113,0,0.113,1,0.107,0,0.112,1,0.107
0.792931111313775,0.792881714480422,0.815610130841693,0.793520079005173,0.816341825618304,1,0.091,1,0.091,1,0.09,1,0.091,1,0.091
0.777508245248595,0.778559932535317,0.802689522457747,0.779228557915714,0.803332606375013,1,0.107,1,0.105,1,0.104,1,0.106,1,0.104
0.75676446014326,0.756635149538182,0.779072700614538,0.757994353195363,0.781261453537837,1,0.1,1,0.1,1,0.093,1,0.097,1,0.091
0.753629574481303,0.753171615069911,0.77355335720799,0.754611259738434,0.77536695323707,1,0.115,1,0.116,1,0.108,1,0.116,1,0.107
0.782166272283578,0.781949656953655,0.80591349296213,0.782581256048171,0.806250802314891,1,0.103,1,0.103,1,0.096,1,0.101,1,0.094
0.808661236471194,0.808260978059913,0.825837365588502,0.809122744860039,0.826782495942427,1,0.084,1,0.084,1,0.081,1,0.083,1,0.081
0.779813108494314,0.779984514671352,0.800454071668316,0.781541667618582,0.801700449727143,1,0.095,1,0.095,1,0.09,1,0.092,1,0.09
0.76179386430868,0.761815473344648,0.782353849822278,0.764467543705585,0.784311841375338,1,0.109,1,0.109,1,0.103,1,0.105,1,0.101
0.774577073923937,0.774941365564986,0.799943682273131,0.776128450448299,0.800837004037735,1,0.105,1,0.105,1,0.098,1,0.103,1,0.099
0.754531952311845,0.754266310582123,0.777403025535979,0.754854361893635,0.777901520062874,1,0.109,1,0.11,1,0.104,1,0.114,1,0.104
0.808908996193081,0.808739280886433,0.82137774441181,0.809170031093961,0.822580926485878,1,0.08,1,0.079,1,0.076,1,0.08,1,0.075
0.786372129890346,0.787309123629296,0.811843226711832,0.788443074700701,0.812707615405061,1,0.089,1,0.088,1,0.084,1,0.088,1,0.083
0.799210574234943,0.799008395506738,0.821224887710747,0.799616312233505,0.821905624578498,1,0.085,1,0.085,1,0.082,1,0.086,1,0.082
0.788643848171386,0.788378962510587,0.809439744484083,0.789262666245272,0.810215062942006,1,0.084,1,0.085,1,0.081,1,0.084,1,0.081
0.783178751456299,0.782809727004863,0.800597391097175,0.783400719396235,0.801184736642496,1,0.099,1,0.099,1,0.098,1,0.097,1,0.096
0.765107987219197,0.765644231964639,0.786279909533729,0.766112006896549,0.786938855604594,1,0.096,1,0.095,1,0.092,1,0.093,1,0.09
0.776685272134365,0.77729761366048,0.799482966330355,0.77807767157383,0.800324912293701,1,0.102,1,0.101,1,0.095,1,0.1,1,0.095
0.762946459277488,0.763342789287615,0.79277641529065,0.763773617854371,0.793203246525961,1,0.104,1,0.104,1,0.098,1,0.104,1,0.097
0.770882621136675,0.771537294767701,0.79471128035836,0.77251402835696,0.795245117411964,1,0.101,1,0.102,1,0.091,1,0.101,1,0.091
0.799237446535255,0.799415832260905,0.819788952195155,0.800250083057693,0.820597979860872,1,0.086,1,0.087,1,0.083,1,0.086,1,0.083
0.810545882300718,0.810711663275164,0.831110309353112,0.811490912104994,0.831904748680324,1,0.082,1,0.081,1,0.08,1,0.082,1,0.078
0.823938169183862,0.823935519742459,0.847370885027086,0.824127766753493,0.847791464113663,1,0.081,1,0.081,0,0.075,1,0.082,0,0.074
0.811591535058254,0.811688121145768,0.824769705848585,0.811710692223267,0.824818825892208,1,0.083,1,0.084,1,0.082,1,0.084,1,0.083
0.789402542472405,0.789483802771542,0.811797470157105,0.789592059899213,0.812095220521926,1,0.096,1,0.096,1,0.097,1,0.1,1,0.097
0.767910406779465,0.768840232387116,0.792945319163437,0.769390588331806,0.793242127763193,1,0.095,1,0.095,1,0.089,1,0.097,1,0.089
0.765054292970602,0.765142271406512,0.779960976883141,0.765468135669424,0.780404154201708,1,0.103,1,0.104,1,0.102,1,0.102,1,0.101
0.761710173960075,0.761354642582323,0.784552686612663,0.762456701351439,0.785948792035866,1,0.101,1,0.102,1,0.095,1,0.1,1,0.091
0.78583976367782,0.785899954782533,0.811894416171841,0.786051451069084,0.812026814792077,1,0.094,1,0.093,1,0.086,1,0.095,1,0.086
0.804228005792945,0.803814625298784,0.817426738581551,0.805741600027994,0.819384560456534,1,0.086,1,0.086,1,0.083,1,0.085,1,0.082
0.792086703650836,0.792305373234388,0.81618993636482,0.792720005606464,0.816736238462086,1,0.095,1,0.095,1,0.092,1,0.095,1,0.091
0.799975473468691,0.799753372532661,0.821538058611965,0.800951879037251,0.822574680932882,1,0.083,1,0.083,1,0.076,1,0.082,1,0.076
0.78768055653612,0.787989321984263,0.809977230114528,0.788775132409075,0.810590841482469,1,0.096,1,0.095,1,0.09,1,0.096,1,0.094
0.783260751250102,0.78356084149866,0.8061647437668,0.784511754846455,0.807068509321482,1,0.103,1,0.103,1,0.098,1,0.102,1,0.098
0.76896553974808,0.768905200755258,0.781642099883836,0.770996622631136,0.783852850520422,1,0.098,1,0.099,1,0.095,1,0.098,1,0.094
0.757575642827715,0.757825959014099,0.777585123319064,0.757874201096003,0.777713490159547,1,0.108,1,0.108,1,0.107,1,0.108,1,0.105
0.743454315729932,0.743281595318424,0.768713959217158,0.744571971221968,0.770165439874112,0,0.111,0,0.112,1,0.109,0,0.111,1,0.106
0.740536445491685,0.741723491999732,0.759521151716236,0.744004637979821,0.76222219507702,0,0.122,0,0.119,1,0.117,0,0.118,1,0.119
0.807961837050164,0.8078960187955,0.832938872744373,0.811595824896499,0.836294444425376,1,0.081,1,0.08,1,0.072,1,0.078,1,0.07
0.766231797319043,0.76639452448199,0.78350247290206,0.766990184138071,0.784057809397265,1,0.099,1,0.1,1,0.097,1,0.099,1,0.094
0.756892778993435,0.757012218705628,0.779278160316133,0.759257557472319,0.781024237025807,1,0.109,1,0.107,1,0.101,1,0.108,1,0.101
0.773107201160892,0.77363150324812,0.795612167679301,0.775232989128131,0.796588074514118,1,0.095,1,0.095,1,0.091,1,0.092,1,0.091
0.803343608137645,0.803943099794594,0.819656016926476,0.805591785844804,0.821022768244795,1,0.079,1,0.078,1,0.075,1,0.077,1,0.073
0.758217223838521,0.758374097817893,0.775127545612994,0.758757392257633,0.775715872112425,1,0.111,1,0.11,1,0.11,1,0.108,1,0.109
0.769029370126253,0.768722530529829,0.788927542265881,0.772057130313883,0.792321683419396,1,0.098,1,0.1,1,0.098,1,0.096,1,0.095
0.788480120707087,0.788456081309876,0.812668294549766,0.788723629405323,0.813021560784927,1,0.091,1,0.091,1,0.086,1,0.091,1,0.086
0.756967846796297,0.757508546879824,0.781720174923926,0.757998624971929,0.782056874942963,1,0.107,1,0.107,1,0.098,1,0.106,1,0.098
0.794045660725718,0.793874055011936,0.811533357379522,0.795219936982513,0.813293197113701,1,0.083,1,0.083,1,0.08,1,0.082,1,0.081
0.790300074594659,0.790758484390159,0.810827369126211,0.791386351438828,0.811377386647834,1,0.083,1,0.083,1,0.079,1,0.083,1,0.077
0.80071137180181,0.800823486914343,0.820787395161045,0.801077628634295,0.821133594448057,1,0.096,1,0.096,1,0.094,1,0.095,1,0.095
0.782796115986086,0.78279681159857,0.806339759758709,0.78336230741247,0.806646362701376,1,0.093,1,0.093,1,0.09,1,0.093,1,0.088
0.766592986265601,0.766526297548581,0.784513064446704,0.766788163416692,0.784719498593865,1,0.105,1,0.106,1,0.106,1,0.106,1,0.106
0.81318081120109,0.813317015377045,0.833841308052768,0.814579953449321,0.834986735490496,1,0.084,1,0.084,1,0.082,1,0.083,1,0.08
0.784534743550669,0.783871559812896,0.806344407356343,0.786944669098159,0.808830524833984,1,0.09,1,0.091,1,0.086,1,0.088,1,0.084
0.794358302831467,0.796013415010796,0.819136695416169,0.796867714765853,0.819694639189187,1,0.093,1,0.091,1,0.087,1,0.09,1,0.084
0.755229682114616,0.75595311756517,0.777418225063631,0.757003526396007,0.778259166400311,1,0.108,1,0.107,1,0.105,1,0.107,1,0.106
0.796655737704918,0.79659596165953,0.82190804234233,0.797672135217277,0.823167465954005,1,0.094,1,0.095,1,0.089,1,0.092,1,0.087
0.743176046411991,0.743076729318348,0.761410001658778,0.744319055031676,0.762339228383118,0,0.102,0,0.102,1,0.098,0,0.103,1,0.099
0.793477182736023,0.793277499844564,0.815634128940034,0.794595104867384,0.816758593369575,1,0.088,1,0.088,1,0.083,1,0.086,1,0.082
0.784057876184059,0.78496241891747,0.805036292872104,0.785556972859388,0.805439889396061,1,0.097,1,0.095,1,0.089,1,0.096,1,0.089
0.758947175388178,0.760185103710501,0.774821653970143,0.760945264821529,0.775703765013864,1,0.108,1,0.106,1,0.105,1,0.106,1,0.103
0.819282460563913,0.819039371609189,0.838026398007193,0.819904609693502,0.838901791775455,1,0.072,1,0.073,1,0.071,1,0.072,1,0.071
0.790722881836632,0.79118542780128,0.804340848885051,0.792034170287616,0.805716740296339,1,0.096,1,0.093,1,0.091,1,0.096,1,0.09
0.813907639544194,0.81346054473258,0.83444552136674,0.814562545510055,0.83548758580723,1,0.083,1,0.083,1,0.079,1,0.083,1,0.08
0.749159855291547,0.749397744368133,0.773397471266493,0.750065510570888,0.7741901802869,0,0.118,0,0.117,1,0.109,1,0.117,1,0.111
0.82117609387266,0.820853959560749,0.843042906622784,0.821607301131444,0.843697201724106,1,0.079,1,0.08,0,0.073,1,0.078,0,0.073
0.802379461043011,0.801490104234217,0.816034865013813,0.804781016025702,0.819022519195084,1,0.086,1,0.087,1,0.085,1,0.084,1,0.082
0.760502701937872,0.760449732014232,0.773509755930802,0.760955675139871,0.773839078784155,1,0.102,1,0.103,1,0.102,1,0.103,1,0.102
0.777128692568423,0.777109522340798,0.795133115705716,0.777709628935226,0.795885766516436,1,0.1,1,0.099,1,0.101,1,0.1,1,0.103
0.715828502195026,0.715759416701801,0.73756883168493,0.718826706136718,0.740217915006506,0,0.118,0,0.117,0,0.115,0,0.117,0,0.115
0.747720667004813,0.747704348483722,0.772755693004731,0.74794746398518,0.772998446054827,1,0.114,1,0.114,1,0.112,1,0.119,1,0.112
0.800923221210771,0.800331919033425,0.815768150308027,0.80191619340051,0.817197149792699,1,0.082,1,0.083,1,0.081,1,0.082,1,0.079
0.81358638573263,0.813298192302541,0.832650123511475,0.814101410197105,0.833515462331109,1,0.079,1,0.08,1,0.074,1,0.078,1,0.073
0.788617981360913,0.789323683681269,0.812051362635106,0.78990843498636,0.812709539771955,1,0.093,1,0.093,1,0.087,1,0.092,1,0.087
0.787195064000329,0.787586733160479,0.809970065857918,0.788811580051064,0.811245379535269,1,0.094,1,0.094,1,0.093,1,0.092,1,0.09
0.809693407079328,0.809865473934184,0.832471839873013,0.809957368725763,0.832563423648804,1,0.087,1,0.087,1,0.083,1,0.085,1,0.084
0.779759760508585,0.78015198104662,0.812795221299573,0.781009121751694,0.813530703573177,1,0.096,1,0.096,1,0.085,1,0.094,1,0.083
0.751146204271688,0.751758783737524,0.775241204427708,0.752113324834458,0.77561470232822,1,0.108,1,0.11,1,0.102,0,0.107,1,0.103
0.784178785599831,0.784440851350319,0.807916907458643,0.784847421512227,0.808561114248728,1,0.094,1,0.094,1,0.09,1,0.092,1,0.088
0.72806566839693,0.728709912889382,0.761914615160477,0.729346183792836,0.762944241288369,0,0.136,0,0.137,1,0.13,0,0.137,1,0.134
0.756171639871028,0.755050508471489,0.770238266002927,0.759036032838666,0.773933591118171,1,0.111,1,0.11,1,0.106,1,0.107,1,0.104
0.771241680193301,0.771670304689283,0.800675702910615,0.772161552290922,0.801370548915993,1,0.107,1,0.106,1,0.103,1,0.103,1,0.102
0.797151615787457,0.797834870403718,0.822953622999954,0.798993248989233,0.823848539730862,1,0.086,1,0.086,1,0.082,1,0.086,1,0.081
0.769112924247831,0.769206293828482,0.78965700052145,0.769722046241287,0.79023867345915,1,0.103,1,0.103,1,0.101,1,0.103,1,0.1
0.803448809326482,0.803231831024853,0.829658892251361,0.803709346463663,0.830098796150652,1,0.081,1,0.082,1,0.075,1,0.082,1,0.075
0.766830060475635,0.766286205262943,0.790832245097888,0.768243822277749,0.792836134984902,1,0.103,1,0.104,1,0.099,1,0.103,1,0.098
0.816517639902676,0.816453687149795,0.839226363223525,0.81740884827262,0.840088403696278,1,0.073,1,0.072,0,0.069,1,0.073,0,0.068
0.800229660410998,0.800563339711327,0.819150693722493,0.801968034321678,0.820517108547033,1,0.086,1,0.086,1,0.085,1,0.085,1,0.083
0.778368980257125,0.778566998793889,0.799437688941711,0.779422640863569,0.799886844627993,1,0.1,1,0.101,1,0.094,1,0.099,1,0.093
0.811951407347641,0.811977044768805,0.834716880898531,0.812558948028415,0.835221516296028,1,0.083,1,0.085,1,0.08,1,0.083,1,0.08
0.757001771263285,0.756734566629206,0.775985571104195,0.757458874759358,0.776785556377677,1,0.113,1,0.114,1,0.112,1,0.113,1,0.11
0.784284757148523,0.78464029828378,0.807056283836469,0.785060220673216,0.807493610803372,1,0.102,1,0.103,1,0.097,1,0.101,1,0.096
0.730938593547524,0.731096149097452,0.751421157607037,0.731884173781349,0.752680940117219,0,0.12,0,0.12,1,0.118,0,0.119,1,0.121
0.778575727650424,0.77861437218438,0.795171049075105,0.778825236143567,0.795509532796741,1,0.1,1,0.099,1,0.094,1,0.098,1,0.095
0.786906624934794,0.78740785519516,0.815053382783054,0.788333539152189,0.815903055815496,1,0.087,1,0.087,1,0.078,1,0.086,1,0.078
0.795275232749069,0.795517933329785,0.812030167335161,0.795812880800298,0.812174535388921,1,0.097,1,0.097,1,0.089,1,0.096,1,0.09
0.78573014403909,0.785628359496665,0.804254685699472,0.787618532977175,0.806205602886711,1,0.088,1,0.088,1,0.084,1,0.085,1,0.083
0.806909037148895,0.806064559440079,0.828134965009995,0.808741225276285,0.830829465763151,1,0.083,1,0.084,1,0.08,1,0.085,1,0.079
0.801984498484977,0.802015930474819,0.823255456510389,0.802537836884804,0.823647797259176,1,0.084,1,0.084,1,0.08,1,0.083,1,0.078
0.779849351159975,0.779759586495053,0.801895670703021,0.78001568879576,0.802036660688513,1,0.094,1,0.094,1,0.091,1,0.093,1,0.091
0.807861985418143,0.807601472297616,0.828808417337208,0.808077847804773,0.829244601134669,1,0.087,1,0.087,1,0.089,1,0.087,1,0.088
